-124.678910 29.429253 
-122.343785 29.321649 
-120.884751 27.866790 
-121.010728 25.498179 
-121.354650 23.105313 
-123.135093 20.873853 
-125.885511 20.126799 
-123.757793 17.736138 
-126.008135 17.000109 
-128.132021 15.872472 
-128.292965 18.993429 
-130.720058 18.137448 
-132.720841 16.996581 
-131.009853 14.990472 
-130.007306 12.710061 
-130.003474 10.279710 
-128.403614 8.792217 
-126.504858 8.987139 
-124.211885 8.593767 
-122.008964 7.708239 
-118.536214 7.981659 
-120.012013 4.990797 
-117.296083 4.424112 
-115.885907 6.123285 
-115.133877 8.867628 
-113.884166 11.120256 
-111.020225 10.989279 
-111.534671 8.497188 
-110.844911 6.327027 
-113.007117 5.663322 
-113.883208 3.116547 
-110.899996 2.320542 
-112.173178 0.160083 
-114.173003 -0.341334 
-116.123491 1.315944 
-119.015693 1.995084 
-118.294319 -1.009890 
-120.840683 -0.340893 
-122.603882 0.195804 
-124.201826 0.595350 
-125.605775 -0.206388 
-127.405857 0.782334 
-127.404420 -1.798398 
-125.298257 -2.868264 
-123.503444 -4.013982 
-121.386743 -2.634534 
-120.722370 -5.006673 
-121.346507 -7.674723 
-120.012971 -9.011835 
-118.672729 -10.839339 
-122.006090 -11.289159 
-119.806043 -12.604662 
-120.007702 -14.721021 
-122.395996 -13.813002 
-124.186019 -14.586075 
-125.217785 -12.560562 
-126.374091 -10.183572 
-124.507907 -10.502415 
-123.866047 -8.715042 
-123.205985 -6.404643 
-125.504706 -6.008625 
-127.436034 -7.873614 
-127.859470 -5.289795 
-129.054575 -3.412899 
-130.240579 -0.971082 
-131.548728 1.304037 
-129.501003 0.994455 
-128.721191 3.000123 
-125.873536 3.119193 
-122.265229 2.747430 
-123.011990 4.991679 
-124.841770 6.328791 
-126.602095 5.800914 
-128.401219 6.196050 
-130.292790 4.995648 
-132.229387 3.881241 
-133.045124 6.601770 
-131.002189 7.993125 
-134.304415 9.309069 
-132.814246 10.601640 
-133.009199 12.707415 
-135.513411 12.843243 
-134.447636 15.144822 
-136.074799 17.154900 
-134.015099 19.285371 
-137.038068 19.726812 
-136.025462 21.496545 
-137.689508 23.844870 
-135.504789 24.000102 
-133.300910 22.130262 
-131.117149 21.107142 
-128.682871 22.111740 
-128.519532 24.493140 
-125.711155 23.300676 
-123.920653 25.627833 
-127.010682 26.995815 
-129.721343 26.993169 
-131.293421 24.996321 
-133.755002 25.374258 
-136.298013 26.995374 
-138.530632 27.290403 
-136.879519 29.871135 
-138.889882 31.273074 
-139.045557 33.879384 
-136.133237 33.119982 
-133.889122 31.869306 
-134.293877 29.143044 
-132.258606 28.244286 
-129.888035 29.870253 
-130.720058 32.194764 
-129.867917 34.710228 
-131.011290 36.498483 
-133.010636 34.711110 
-134.294356 36.999900 
-136.679297 35.777448 
-139.319066 37.229661 
-137.521379 38.507238 
-137.198533 40.599342 
-139.447438 41.494572 
-137.000227 42.497847 
-135.336660 44.827650 
-137.500782 44.995671 
-139.446001 44.983323 
-138.924849 47.497464 
-138.769174 49.900473 
-136.340644 48.331395 
-134.714439 46.994724 
-132.348179 48.221145 
-131.523341 45.006696 
-129.455019 46.670589 
-127.125163 47.670336 
-123.684027 47.113353 
-125.182339 45.171189 
-127.135222 43.792623 
-128.139206 41.876478 
-130.887229 41.872068 
-133.180202 43.170372 
-134.344651 41.668767 
-135.009024 39.499929 
-132.139814 39.117582 
-129.633686 38.618811 
-127.505968 38.994984 
-125.014210 39.501252 
-122.025250 37.992150 
-118.882052 38.203830 
-118.926599 42.358050 
-122.236010 40.996242 
-124.016453 42.991767 
-121.428895 44.413992 
-119.505710 46.641042 
-118.922288 49.801689 
-122.015670 49.798602 
-125.204373 50.177862 
-127.356041 52.104591 
-129.566147 50.220198 
-132.135503 51.120720 
-134.502242 50.996799 
-136.509252 51.006060 
-138.236526 52.993647 
-135.732314 53.997363 
-137.905537 55.734021 
-136.606010 57.576519 
-137.155902 60.427143 
-136.216104 63.486360 
-134.016536 62.709759 
-134.014620 60.503436 
-134.011267 58.496004 
-134.007914 56.501802 
-133.008720 53.996922 
-130.133283 53.875647 
-127.810612 55.499409 
-130.814421 56.998809 
-130.868069 59.710959 
-131.294858 62.001513 
-132.010005 64.500219 
-132.718925 67.004217 
-135.167573 65.874816 
-134.641631 68.563152 
-133.954745 70.493850 
-133.488199 72.957276 
-131.505618 71.004969 
-130.265966 68.752341 
-128.677602 71.118306 
-127.866655 73.293318 
-124.685137 72.660924 
-121.220051 72.006039 
-121.009770 68.498325 
-123.459855 69.783399 
-126.350620 68.895666 
-127.154382 66.717567 
-130.008743 66.286269 
-128.897942 63.664083 
-126.135070 63.877527 
-124.120396 66.331251 
-122.134941 64.770552 
-121.903105 61.896114 
-124.120875 61.118190 
-127.129953 61.114221 
-128.133458 58.874823 
-124.665498 58.084551 
-125.125338 54.887301 
-123.012948 53.003790 
-119.541156 53.003349 
-119.024315 55.992447 
-122.018065 56.196189 
-119.962197 58.829400 
-118.903128 61.134066 
-118.681830 64.086120 
-118.593694 66.670380 
-118.024642 69.349014 
-117.123164 72.179352 
-118.245940 74.674089 
-116.111516 76.673142 
-116.694938 79.832025 
-114.718584 82.806570 
-117.214174 84.511917 
-119.886515 83.875113 
-122.015670 85.292928 
-124.016453 84.012264 
-125.673793 82.116405 
-126.896201 79.342074 
-124.132850 79.504803 
-121.901189 81.338481 
-119.148855 81.121509 
-120.389465 78.091398 
-121.009291 75.009249 
-123.509192 76.602141 
-126.124532 75.664575 
-128.671375 75.831273 
-130.898246 73.875879 
-131.980307 76.237875 
-129.458372 77.858550 
-130.430742 79.871715 
-128.856269 82.329849 
-127.310057 84.887208 
-125.031454 86.507442 
-125.997597 88.155018 
-122.896072 88.123707 
-124.017411 90.697383 
-122.309297 93.110535 
-120.710395 95.840766 
-118.133854 96.145938 
-118.423170 98.586432 
-116.476514 100.111410 
-114.209407 98.002107 
-115.707719 95.207049 
-113.008554 94.224501 
-115.684248 91.896021 
-118.614770 92.916054 
-120.564300 90.639171 
-119.656116 87.463971 
-117.017305 89.001297 
-115.128129 86.413950 
-112.382501 86.882292 
-113.795551 89.449794 
-111.710464 91.130004 
-109.007946 91.014021 
-109.037644 93.676338 
-110.351541 96.110658 
-107.016743 96.013197 
-104.509657 99.011997 
-106.131551 101.131443 
-108.509307 99.510768 
-111.142370 98.495586 
-112.690019 100.882278 
-115.183693 102.431952 
-113.026756 104.224617 
-111.136622 105.678153 
-109.786800 102.454443 
-108.009231 104.351625 
-106.875917 106.894872 
-109.211042 108.010602 
-106.633064 110.236770 
-104.236148 109.920132 
-101.861266 109.439883 
-103.346166 106.513848 
-104.810469 104.008527 
-102.023168 102.021822 
-99.522309 104.402340 
-100.028612 107.211069 
-96.276126 108.012366 
-97.994778 110.526507 
-100.256137 111.759102 
-103.433823 112.642866 
-100.440073 115.070571 
-98.141831 113.908536 
-96.507483 115.874073 
-94.828109 117.833877 
-92.724341 118.999881 
-90.179414 119.751786 
-87.732682 118.958868 
-85.761597 122.103639 
-84.203889 120.021237 
-82.001447 117.215154 
-85.182007 116.835453 
-87.286733 115.011036 
-89.805315 115.323705 
-92.343057 116.119710 
-93.765687 113.340087 
-95.013003 110.693205 
-92.004883 110.519451 
-89.215666 112.114107 
-85.491920 113.016834 
-82.212686 114.113601 
-79.003865 115.017210 
-76.226623 116.356968 
-78.878846 117.883269 
-80.295728 120.319353 
-81.991388 122.820705 
-78.703532 123.703587 
-77.106546 121.360554 
-75.619730 119.286531 
-72.688729 119.218176 
-72.289722 116.820900 
-68.761408 117.119457 
-67.310996 119.218617 
-67.114127 121.881375 
-69.996270 121.813461 
-72.878892 121.877406 
-75.014753 123.292575 
-75.164201 125.320293 
-71.991784 125.051283 
-68.918520 125.354250 
-66.086193 125.800983 
-64.874802 123.124995 
-63.798010 120.024765 
-64.195101 117.025083 
-61.108425 117.240291 
-59.779200 119.704158 
-61.425044 121.864176 
-61.989306 124.017138 
-63.121183 126.122913 
-59.991397 126.281673 
-57.620347 125.653689 
-58.996993 123.285960 
-56.998605 121.723938 
-56.496613 119.221263 
-57.547539 116.685513 
-53.742363 117.383616 
-50.376430 115.423371 
-46.295829 114.222087 
-47.095280 116.910423 
-48.113155 119.146734 
-50.842018 118.737045 
-51.482441 120.893976 
-53.880794 121.696155 
-55.115177 124.152966 
-55.002612 126.454986 
-52.173638 126.198324 
-51.710924 124.025958 
-49.121929 125.160651 
-48.870933 122.138037 
-46.745610 123.390477 
-44.986722 125.068041 
-41.296027 123.673158 
-43.674741 122.129217 
-45.503563 120.150450 
-44.274928 117.599265 
-42.483468 115.819389 
-42.851819 113.303925 
-40.002727 112.952007 
-37.884589 114.359679 
-34.993345 113.304807 
-36.493573 110.779641 
-33.280920 111.019545 
-32.413451 108.913770 
-29.618965 107.491104 
-26.648207 108.796905 
-24.240753 110.265435 
-25.873185 112.230531 
-26.122744 114.887556 
-28.993870 114.013935 
-29.176848 111.017340 
-31.868349 113.144283 
-31.995284 116.010342 
-34.497101 116.017839 
-36.428429 116.736228 
-39.281832 117.322758 
-41.703177 119.325339 
-39.495466 121.016574 
-37.904707 123.080895 
-34.907604 122.079384 
-36.871025 119.887614 
-34.123481 118.885662 
-32.281247 120.967182 
-30.983636 118.744983 
-28.824783 119.928186 
-28.857834 116.905572 
-26.179745 118.118322 
-24.137289 116.806788 
-22.758248 115.132311 
-20.145782 114.491979 
-22.099623 111.902868 
-19.889996 110.354517 
-17.805388 112.552902 
-15.491818 110.997495 
-17.001147 108.684891 
-17.996988 106.296876 
-20.371870 107.402463 
-22.896679 107.404668 
-26.209922 105.656103 
-22.892847 103.832568 
-20.113689 104.145678 
-20.284213 100.718226 
-17.691865 102.315528 
-15.991415 104.517000 
-13.984884 106.294671 
-13.843579 108.899658 
-11.680894 108.432198 
-9.791239 106.429617 
-11.892133 104.358240 
-9.322777 103.545477 
-7.129436 103.872699 
-4.725814 101.290203 
-7.685076 100.611504 
-10.996403 101.016783 
-13.882857 102.352131 
-15.484633 100.012626 
-17.329741 98.346969 
-14.088348 95.911326 
-13.093465 98.321391 
-9.615446 97.915230 
-9.809441 94.954797 
-7.146680 93.031596 
-3.986717 93.016161 
-4.477692 95.807250 
-6.204487 97.915671 
-2.564566 98.374311 
-0.826754 95.557203 
1.269829 93.133467 
-1.120860 91.892493 
-4.369917 89.794215 
-2.324587 86.562567 
-0.992967 89.014527 
1.905462 88.680249 
3.481372 90.513045 
5.178948 87.835734 
6.673907 84.785337 
3.898581 85.671747 
0.478521 85.467564 
1.694223 83.126295 
3.904329 81.805500 
7.530359 82.016739 
10.105463 78.721146 
18.842902 78.687630 
21.600984 81.873414 
22.210751 85.118292 
24.789208 84.518973 
28.001382 85.675275 
26.083466 87.511158 
24.873033 89.694549 
27.332698 92.131515 
30.491224 93.014397 
28.517744 94.864392 
30.179395 96.825519 
32.111681 98.182917 
33.340316 100.107882 
34.769173 102.002418 
36.299578 103.573701 
38.439271 105.648165 
39.861422 107.968707 
41.496249 107.021439 
43.972679 107.503893 
43.982738 105.297129 
45.992143 104.006322 
46.539640 101.675637 
45.987832 99.013761 
43.121017 98.883666 
40.884087 100.356165 
43.277171 102.018735 
41.708925 104.017347 
38.994432 103.014513 
38.118341 100.143603 
36.290956 98.318745 
34.863057 95.885748 
32.276457 95.014332 
34.122523 92.893122 
32.435964 90.393534 
29.346414 89.502273 
31.640824 86.916690 
35.547069 88.238367 
36.903597 90.836739 
39.916028 90.860994 
42.768473 92.809773 
37.448699 94.030020 
39.092627 96.033042 
41.096763 96.580764 
43.862509 96.131385 
46.293913 95.417847 
49.262276 96.372612 
48.991162 99.012879 
51.876179 99.134154 
54.237649 100.378215 
53.355810 102.637899 
52.322607 104.901552 
50.124476 101.889522 
48.709031 104.009850 
49.998499 106.295994 
47.115877 106.884288 
47.005228 109.175283 
45.659238 110.354958 
42.945224 109.896318 
45.244424 112.382235 
47.699778 112.994784 
49.281915 111.428352 
51.494895 111.009843 
49.994188 108.732960 
52.992728 108.014571 
55.651178 106.785063 
55.989831 103.831686 
58.504102 102.882654 
58.971606 105.533946 
62.174200 105.564375 
65.666589 107.118900 
63.490971 109.015200 
60.990112 110.298069 
59.987565 107.725275 
58.003068 109.016523 
56.003243 110.010978 
53.998628 111.007638 
52.742690 113.257179 
49.581290 114.705423 
51.510223 116.014311 
53.505737 116.507790 
55.735482 117.980730 
57.822964 119.932155 
58.986934 117.730683 
59.491800 115.211691 
55.852358 115.297686 
56.502361 113.140314 
58.706719 112.015323 
61.369480 113.275260 
63.840641 111.735288 
64.488249 113.672601 
64.319162 115.796016 
62.893658 117.706428 
60.852639 119.529081 
62.244613 121.443021 
64.699967 121.041270 
65.872080 122.827761 
68.307795 123.778116 
70.504489 123.963777 
72.994331 124.177221 
75.663798 125.379828 
76.785616 123.006366 
79.484302 125.946072 
80.589834 123.519690 
79.874208 120.699054 
76.987275 120.013740 
74.076871 120.665538 
71.743183 120.525300 
69.113952 121.138731 
66.664346 119.452347 
67.360333 116.567766 
70.326780 118.117881 
73.087257 116.391366 
69.991001 115.015005 
67.326803 112.906584 
67.393384 109.782099 
70.395756 111.046005 
72.662863 113.131935 
74.830817 110.853288 
78.323206 112.517181 
76.097293 114.228261 
75.989518 117.013176 
78.884594 117.353187 
81.135415 114.935625 
82.190173 118.116117 
84.997592 117.118575 
88.797978 118.014687 
92.385688 119.428533 
93.996086 122.796891 
90.995151 122.799537 
88.866954 120.893094 
86.082048 120.678768 
82.993456 121.023630 
83.995045 123.735780 
82.879933 126.119826 
85.877036 126.140994 
87.483123 123.818688 
89.108370 126.158193 
91.994824 126.027657 
94.996238 126.005166 
97.745219 125.972091 
100.494679 124.726707 
97.348607 122.919930 
96.481138 120.016827 
100.492763 120.292893 
102.868124 122.883327 
104.273510 125.000127 
106.728385 123.337998 
110.367827 122.956974 
114.675474 121.821399 
120.552325 119.387961 
121.963938 120.008007 
130.975365 114.775983 
138.362503 108.069696 
147.476915 98.358876 
150.431866 96.586497 
149.295678 94.641246 
150.665618 91.937916 
152.719091 90.099828 
152.683166 86.450553 
155.014938 87.481611 
156.657429 84.350952 
153.903658 83.348559 
156.027065 81.001557 
158.845022 80.066637 
156.404996 77.900445 
160.899932 76.405014 
158.892443 75.139785 
156.019401 75.006162 
156.012216 72.007803 
159.018420 71.796564 
162.017439 72.496872 
161.120751 69.342840 
163.681485 68.588730 
161.350671 65.895984 
158.720961 67.312035 
156.383920 69.094116 
155.672126 65.556414 
158.013478 64.000125 
156.714430 61.596234 
160.268131 61.626663 
161.757821 63.372582 
164.639964 64.363509 
163.923380 60.895044 
165.974937 59.997609 
166.285329 56.644245 
162.836529 57.188439 
160.520085 59.201163 
158.022100 57.596805 
158.663481 54.911997 
161.903916 54.195813 
164.899582 54.134514 
166.922878 52.336998 
162.920833 50.831424 
164.228982 48.329631 
167.029695 49.001274 
167.766876 46.092879 
165.139561 45.124443 
162.543860 43.358238 
161.552330 46.363653 
159.822661 48.999951 
159.357552 52.103709 
156.825079 50.727789 
157.100504 46.670148 
158.843106 44.178498 
156.473014 41.992461 
160.264778 40.656231 
157.902829 38.660706 
155.524115 36.000153 
154.815674 38.999835 
151.230359 38.230731 
151.667207 34.914411 
149.891554 32.327064 
152.474801 30.162195 
154.206865 32.476122 
156.893097 32.863761 
158.902981 34.660395 
160.925319 36.664740 
164.308496 35.798616 
165.290446 37.994796 
162.998431 39.491550 
165.121359 41.328315 
167.799927 42.997500 
167.998712 40.001346 
167.991048 37.003869 
168.061940 33.638157 
167.274464 30.368142 
164.917784 32.629590 
162.204249 32.694417 
159.893074 31.333050 
156.646412 29.896713 
156.729279 27.567351 
159.876309 27.247185 
161.376537 28.745262 
163.812252 28.708218 
166.290598 27.741546 
167.390861 25.602696 
165.835548 24.065811 
163.505692 24.481674 
161.573885 24.279696 
158.869930 24.872841 
156.010779 24.995880 
153.670385 26.549523 
151.016725 26.536293 
149.719593 28.997955 
146.916006 29.088801 
146.572563 26.329905 
145.678270 23.776074 
148.893797 24.333498 
151.208804 22.495410 
153.915633 22.356054 
156.504628 21.993993 
158.864182 22.118355 
159.745542 19.745334 
162.011212 21.283101 
164.307059 20.857977 
166.482198 20.547072 
163.765310 18.562572 
165.093098 16.226154 
162.141979 16.729776 
160.683424 14.879781 
158.717129 12.995388 
161.297981 11.993877 
164.000978 13.009059 
163.503776 10.277946 
162.454766 8.006355 
161.116919 5.873238 
161.308040 3.404961 
159.986479 1.706670 
158.004377 3.990168 
155.151453 4.711203 
154.882255 2.125179 
157.296894 0.998424 
159.112304 -1.104705 
157.850139 -3.889620 
155.905399 -1.354311 
152.872850 -1.380771 
151.857370 0.280476 
149.009236 -0.005733 
146.675069 -0.188748 
145.138437 -1.268757 
143.880583 -3.134187 
141.152678 -3.721599 
141.754302 -1.127637 
140.435615 0.425565 
141.006583 2.710827 
144.003686 1.995966 
146.886787 2.865618 
149.126112 3.531969 
152.098307 3.189753 
151.006187 5.708745 
152.380917 7.735581 
154.886566 7.121709 
158.004377 6.994260 
159.899301 9.653049 
156.920879 10.347183 
153.895515 10.106838 
153.882582 12.865293 
156.011258 13.992048 
157.008057 15.991983 
158.871367 17.494470 
156.015569 18.997398 
152.652031 18.907875 
153.882582 16.126047 
151.205451 15.493653 
148.878469 17.121384 
149.189819 20.173545 
146.340727 21.217392 
142.823430 20.451816 
145.643303 18.740736 
146.006864 15.990219 
148.364502 13.540464 
151.136954 12.113388 
149.883411 9.864288 
149.004925 6.999993 
147.130119 8.496306 
145.507746 5.994072 
143.291892 4.426317 
141.880279 6.495489 
139.385647 7.371315 
139.005800 9.994383 
141.893212 10.327779 
144.114814 9.104004 
146.503587 10.995453 
144.751405 12.872790 
142.877557 14.122584 
143.007366 16.985115 
139.603113 17.386866 
140.211922 13.683789 
137.895478 13.104756 
135.385997 13.685112 
136.006781 9.483264 
133.192656 9.713466 
131.348027 7.074081 
135.506705 5.706099 
138.884134 4.865553 
137.882545 2.491650 
135.722734 1.846467 
133.343062 2.436966 
131.016080 4.001193 
130.315303 0.885528 
127.428849 0.067473 
127.008766 -3.008943 
123.365013 -3.006297 
123.813836 -5.907636 
121.008812 -7.010136 
123.643791 -9.099153 
127.514111 -8.807211 
127.375680 -5.916456 
130.641023 -6.371127 
133.006804 -7.291494 
135.288281 -6.005097 
133.883853 -3.876390 
130.384758 -3.101994 
132.291657 -1.010772 
135.005192 -1.009449 
138.132583 -0.885087 
137.453361 -3.340134 
138.006127 -6.005979 
140.718704 -6.002892 
142.505374 -7.668990 
144.128705 -5.879412 
146.504545 -5.001822 
148.674415 -2.890314 
151.291671 -3.999870 
153.672780 -3.666033 
155.141873 -5.126625 
156.944350 -7.186536 
154.511509 -8.009001 
155.488190 -10.446408 
153.511836 -11.019267 
151.858328 -10.297350 
150.005556 -8.720775 
152.144291 -6.882687 
149.127549 -5.879853 
146.806794 -8.006355 
143.715328 -9.864288 
146.001595 -10.717182 
148.449764 -11.348694 
150.204341 -12.602016 
149.130423 -14.881986 
151.601584 -14.210784 
153.567400 -14.121261 
151.295503 -17.109918 
150.618197 -19.863963 
148.145120 -19.287135 
147.503739 -17.003196 
145.007670 -18.501273 
144.673328 -20.665701 
142.004340 -20.005083 
142.005298 -17.290287 
144.010871 -16.009623 
146.113202 -14.354991 
143.872919 -12.885138 
141.130644 -12.128382 
140.866236 -9.716112 
138.714568 -8.861895 
136.003907 -9.007425 
133.008241 -9.720081 
130.132804 -10.132416 
132.006173 -12.291111 
135.003755 -12.007107 
137.876318 -11.884509 
138.338553 -14.173299 
141.002751 -14.720580 
139.004363 -17.004519 
135.453536 -17.667783 
135.885594 -15.133797 
133.128949 -14.885514 
132.005694 -17.288523 
129.885161 -15.879528 
127.013556 -15.517026 
129.347723 -13.228677 
126.787947 -11.682972 
124.003999 -12.008430 
121.206160 -12.509406 
119.315547 -10.310139 
116.552675 -12.645234 
118.712965 -14.706468 
120.676386 -16.926462 
123.735759 -15.194655 
125.130128 -17.890488 
126.012446 -19.998468 
127.758880 -21.376152 
129.234200 -19.120437 
131.880196 -19.876752 
134.167421 -20.336274 
136.724802 -20.151936 
139.131298 -19.880721 
138.508598 -22.805874 
142.002903 -22.502466 
141.005146 -24.716727 
143.403499 -25.208883 
144.840020 -23.836932 
146.295222 -22.003695 
148.725189 -22.235220 
147.258970 -24.965010 
145.717548 -26.965386 
144.810801 -28.844487 
143.423617 -30.425913 
142.431129 -32.484060 
141.656107 -34.856640 
139.140878 -34.890597 
139.806209 -37.627884 
137.124767 -37.131318 
137.989362 -39.707199 
135.400367 -39.804660 
136.517874 -41.819148 
135.599152 -43.731324 
134.124311 -45.149580 
132.929206 -46.933866 
131.702966 -48.573504 
130.601266 -50.179626 
129.101517 -51.571863 
127.957665 -53.672787 
126.149919 -55.824426 
124.669809 -54.671211 
122.288700 -55.004607 
122.809852 -57.398796 
124.594606 -58.166136 
122.755725 -59.798718 
121.546729 -62.041644 
120.009618 -60.726141 
120.017282 -58.502619 
119.884120 -56.130039 
117.292730 -56.007000 
115.170281 -54.337815 
116.812293 -53.211942 
118.669855 -52.509870 
120.673033 -53.172252 
121.291422 -51.013116 
123.335315 -51.514974 
125.168448 -52.340967 
127.175458 -50.834952 
128.013708 -48.293028 
125.513328 -47.333853 
124.867636 -49.294539 
122.339474 -48.170430 
121.004501 -46.501686 
121.202328 -44.600535 
120.171520 -42.839181 
117.723351 -42.008337 
119.292555 -40.007079 
121.806826 -41.009472 
122.341390 -39.170502 
124.883443 -39.132576 
125.759534 -36.756027 
128.404093 -37.208493 
127.671223 -39.170943 
131.006979 -38.006703 
130.008743 -40.721058 
128.006044 -42.293223 
125.583262 -41.577921 
123.502486 -42.669396 
123.500091 -45.005814 
125.505185 -45.002727 
127.885336 -45.131058 
130.171603 -46.837728 
130.292311 -44.005626 
132.668630 -43.665615 
132.441584 -41.439447 
133.605075 -39.809952 
134.005519 -37.500876 
133.837869 -35.348796 
135.842484 -34.842528 
136.846947 -32.843916 
134.715876 -31.865337 
132.744312 -30.638475 
130.133283 -32.126409 
131.884986 -34.456653 
129.017213 -34.683768 
126.002387 -34.011684 
123.134135 -34.880454 
121.719648 -37.006956 
119.502357 -37.006515 
120.131284 -33.880266 
117.571508 -34.348167 
115.719694 -36.012060 
117.502532 -38.006703 
115.723526 -39.151539 
114.634759 -41.255991 
112.586555 -42.865200 
111.886257 -45.140319 
109.756144 -46.758348 
107.011474 -46.808622 
107.315639 -49.802571 
108.293757 -52.008453 
111.006334 -51.502626 
111.262599 -49.380093 
113.008075 -47.717523 
115.291947 -46.861983 
115.129087 -44.136162 
118.009314 -45.009342 
117.717603 -47.858643 
119.717907 -49.007448 
117.171543 -50.840244 
115.007900 -49.720104 
113.841535 -51.843078 
113.009033 -53.808615 
111.007771 -54.007947 
108.686058 -55.121913 
111.290860 -57.004983 
113.881292 -56.880180 
115.838007 -58.167459 
117.126517 -59.758587 
114.010622 -60.010839 
112.807853 -61.605936 
110.504342 -63.010962 
112.604278 -63.807849 
114.403881 -64.209600 
116.013321 -63.013608 
118.000213 -62.006364 
119.154603 -63.828135 
117.606954 -65.932146 
115.006463 -66.172932 
115.750829 -68.136264 
113.771601 -70.141932 
112.843778 -68.170221 
111.841231 -65.840859 
110.404231 -67.207518 
108.151494 -67.720401 
108.344531 -65.118501 
107.672973 -62.835003 
108.838859 -60.838596 
111.006334 -59.720661 
108.718630 -58.007817 
106.670426 -57.520512 
105.007338 -55.724760 
105.515078 -53.205327 
103.880730 -50.882139 
104.006228 -48.007260 
104.510136 -45.000963 
105.646803 -42.098742 
108.614687 -43.711479 
109.680462 -41.123691 
111.464258 -39.245031 
113.135968 -37.880136 
112.901258 -35.227080 
111.237691 -33.448086 
108.185503 -35.170191 
108.763177 -37.634499 
106.792092 -38.905902 
103.754753 -39.426723 
100.925779 -37.848384 
103.351914 -35.692335 
104.904353 -33.787656 
105.008775 -31.008915 
107.923011 -31.653216 
110.256220 -30.264066 
112.884493 -30.880143 
115.339368 -31.926195 
118.016499 -30.518523 
120.877087 -30.882348 
123.129824 -32.131260 
126.001429 -31.288509 
128.116214 -30.121623 
130.881002 -28.884618 
131.131040 -26.123517 
133.784700 -26.335638 
135.405157 -28.600614 
137.883982 -29.880396 
139.290805 -32.012190 
141.007541 -29.711052 
142.010088 -27.290844 
139.341100 -27.333180 
138.005169 -25.997391 
136.170120 -24.834474 
134.875383 -22.883049 
132.293573 -22.863645 
129.895699 -23.671116 
127.006850 -24.005835 
128.003649 -27.003312 
125.290114 -27.005958 
124.262180 -29.253294 
121.895920 -27.671427 
119.138796 -27.884871 
119.270042 -25.383519 
121.229631 -23.679936 
123.876585 -24.880338 
124.006394 -22.292991 
122.413719 -19.707849 
119.711201 -20.911338 
117.387093 -19.252296 
116.341915 -17.114769 
114.310955 -14.709996 
112.790609 -16.900002 
113.179557 -20.082699 
110.687320 -22.927149 
113.808963 -24.512985 
115.674189 -21.893886 
117.340151 -23.670675 
116.008052 -27.211464 
113.351997 -28.231056 
111.013040 -26.211276 
107.680637 -25.558596 
108.344531 -28.115514 
104.710837 -28.204155 
101.824862 -31.190607 
99.762288 -33.677406 
97.836229 -36.916992 
98.387079 -40.097484 
98.685975 -42.792435 
102.012151 -42.523425 
100.883148 -45.131058 
100.514318 -47.504079 
97.678638 -45.894870 
95.514037 -43.808940 
94.756259 -40.755897 
91.675331 -43.509501 
93.345125 -46.116252 
95.513079 -48.004614 
97.833834 -49.825503 
101.007209 -50.012046 
101.260121 -52.754184 
102.130943 -55.132056 
99.130008 -55.131174 
99.510334 -57.336615 
98.014417 -59.013297 
95.722881 -60.009075 
93.502716 -60.010839 
91.133582 -61.127892 
89.788071 -63.680841 
87.006518 -63.007434 
84.135392 -63.882378 
83.512213 -61.205949 
82.243342 -58.398984 
84.009894 -55.509552 
86.512669 -57.206961 
86.135696 -59.883390 
88.893778 -59.672592 
91.290694 -58.010022 
89.509293 -55.808991 
88.882282 -53.132121 
91.006168 -52.260264 
92.892470 -54.676944 
94.266721 -57.385125 
96.016508 -55.523223 
97.881255 -52.881633 
95.128442 -52.134138 
93.305368 -50.307957 
91.233693 -48.452670 
89.099269 -46.004679 
88.512015 -49.422870 
85.832489 -49.836087 
86.105040 -53.378199 
82.620315 -52.393446 
80.340275 -54.928755 
78.743768 -57.833622 
76.004367 -59.808420 
79.188759 -61.171551 
78.378291 -63.915012 
81.502808 -64.847727 
81.506640 -67.503870 
84.503743 -67.513131 
86.872398 -68.295465 
87.137285 -65.883636 
90.009369 -67.011714 
90.217734 -70.008750 
92.129902 -72.131283 
91.880343 -74.880036 
94.881757 -74.131659 
96.172662 -71.834931 
94.507179 -70.381395 
93.009825 -68.008815 
92.679315 -65.120265 
93.760897 -62.752095 
97.135931 -62.128080 
99.504586 -62.006364 
102.006403 -62.001072 
101.271138 -59.387265 
103.007034 -57.726459 
104.835856 -59.173380 
106.171787 -60.832422 
104.672996 -62.334468 
105.008775 -64.504629 
105.504061 -67.013919 
103.011824 -67.008627 
101.880426 -64.881684 
99.007384 -65.008251 
96.018424 -65.011779 
96.010760 -67.718196 
99.007384 -67.502988 
98.136083 -69.882624 
100.680052 -70.345674 
101.843543 -68.843628 
104.126936 -70.132671 
107.000936 -69.716367 
105.601298 -72.200961 
107.808530 -72.604476 
109.174638 -71.176077 
110.807549 -69.599502 
111.664480 -71.976933 
109.691000 -74.381265 
107.505802 -74.507391 
106.844303 -76.833666 
105.005422 -74.721276 
102.880578 -72.874368 
100.211111 -72.402498 
98.008669 -73.287585 
100.293978 -75.004839 
102.401099 -75.803490 
104.011976 -77.298921 
104.645214 -79.645041 
101.952755 -81.644535 
102.182675 -79.344279 
100.133513 -78.127560 
97.899936 -76.348125 
95.631871 -77.387562 
93.005514 -77.005656 
92.172533 -78.670431 
91.805619 -80.399151 
89.290869 -79.005150 
87.433307 -80.723286 
85.126922 -80.127936 
83.714351 -78.438024 
81.577053 -77.722722 
80.341233 -80.113824 
81.009438 -83.009430 
82.604508 -81.807705 
84.858203 -82.719252 
85.669150 -84.839139 
88.263414 -84.004326 
89.720053 -82.009683 
91.842023 -83.840715 
93.173643 -82.173735 
95.009171 -81.011700 
97.007080 -79.718688 
98.500602 -81.002439 
99.862399 -82.364247 
99.677026 -84.630546 
97.579006 -84.276864 
95.289386 -84.007854 
93.506069 -86.010435 
95.996869 -86.682519 
94.436766 -88.728759 
92.263064 -89.941509 
91.675331 -87.841026 
90.811215 -85.602510 
88.885635 -87.136308 
86.338792 -86.841720 
85.006693 -88.505613 
87.403609 -90.212283 
89.207523 -89.403489 
90.399754 -91.469574 
88.683497 -92.992347 
86.174974 -92.838879 
85.003340 -91.001232 
82.842092 -90.171711 
80.332611 -90.173916 
77.580756 -90.868050 
76.605033 -92.811537 
75.137856 -94.879386 
73.008222 -96.288822 
73.151922 -98.721819 
75.503333 -98.006517 
77.720624 -98.855442 
77.805407 -96.601050 
78.203935 -95.004630 
79.285038 -93.008223 
82.002405 -92.725101 
84.175628 -94.175550 
86.778035 -95.152365 
84.303042 -96.835662 
82.395664 -95.809014 
80.598935 -95.211900 
80.503614 -97.505541 
82.156643 -98.774298 
79.830140 -99.818586 
77.975931 -101.926125 
75.721278 -101.006640 
72.672443 -100.836855 
73.169645 -102.844728 
74.974517 -103.969278 
71.831319 -104.609610 
71.973582 -106.572501 
69.021984 -106.503264 
68.894570 -108.455130 
66.004284 -107.731890 
66.803735 -110.119464 
64.298565 -110.016270 
63.162856 -111.940794 
61.134291 -113.135904 
58.987892 -114.655149 
57.002916 -115.966242 
55.999890 -114.255603 
54.010603 -114.814791 
55.127631 -117.127395 
53.437719 -118.739250 
51.008231 -119.666673 
51.262580 -117.746559 
50.501928 -116.502057 
52.295783 -115.455564 
49.713494 -114.006879 
50.399901 -112.003416 
52.501274 -112.012236 
54.502057 -112.010472 
56.499966 -112.005180 
58.720610 -112.005621 
60.499137 -110.503134 
61.998407 -109.003293 
63.202134 -107.403786 
63.001433 -105.505722 
62.718823 -103.148577 
65.167471 -102.835026 
66.009553 -105.291837 
67.604623 -103.811841 
69.403268 -104.214474 
70.207030 -102.403728 
70.004413 -100.500813 
70.002976 -98.502201 
70.142844 -96.291027 
69.208794 -94.407075 
67.502117 -96.011874 
65.712094 -94.875417 
64.859953 -92.719809 
66.004284 -90.292545 
68.130086 -92.132397 
70.720997 -92.009358 
72.175720 -93.835539 
74.291942 -92.015973 
75.009005 -89.506683 
72.135963 -89.887266 
69.127843 -89.131392 
67.004915 -87.511158 
65.508040 -84.810915 
64.645840 -81.915750 
68.004109 -81.514440 
71.132937 -81.883998 
69.759644 -84.009177 
69.010009 -86.011758 
72.005675 -86.814819 
74.878717 -86.882292 
77.337424 -87.575544 
79.503941 -88.013457 
82.004800 -87.718428 
83.136677 -85.513869 
79.681650 -85.120497 
77.786726 -82.452006 
76.403374 -84.206745 
73.807673 -84.006090 
73.880002 -81.136944 
76.313801 -79.717365 
78.018083 -78.017751 
79.136548 -75.892572 
82.008153 -75.014982 
85.130275 -74.629989 
86.128511 -76.513500 
88.001880 -77.209839 
89.347870 -75.680010 
89.134715 -73.129707 
87.123873 -71.128449 
84.811740 -71.720271 
82.146584 -72.288720 
81.880260 -69.879978 
79.007697 -70.005222 
79.007697 -73.004022 
75.806540 -73.013724 
76.004846 -75.722346 
73.129888 -75.134052 
73.678822 -77.784903 
71.003128 -78.814638 
69.345788 -75.900069 
70.893916 -73.342269 
68.007462 -72.812187 
70.338755 -69.764436 
73.275025 -71.108604 
75.687269 -69.354747 
78.014730 -67.013478 
75.005652 -66.005793 
74.480668 -62.860140 
70.639088 -63.826812 
71.774797 -66.629367 
67.828795 -66.832668 
66.349643 -69.518358 
62.802648 -69.709311 
64.505493 -72.517599 
60.558533 -72.379566 
62.623981 -75.637674 
65.888845 -75.684861 
68.008420 -78.011577 
66.177203 -79.013529 
63.880398 -79.134363 
61.128543 -79.130394 
59.263317 -77.632317 
58.916042 -74.820501 
55.914149 -74.744208 
53.132117 -76.132035 
55.623396 -77.758002 
56.432427 -79.716924 
58.207601 -81.513999 
60.881858 -81.881793 
61.894943 -84.121191 
62.713075 -86.866857 
64.502619 -88.006842 
63.005744 -90.009864 
61.507432 -92.207367 
61.506953 -94.339161 
62.998559 -96.009228 
64.503098 -97.878627 
67.002999 -99.006705 
67.205616 -101.403099 
64.168277 -100.835973 
62.167494 -99.835344 
60.835874 -98.171451 
59.833806 -96.177249 
57.722853 -97.158915 
55.228700 -97.131132 
52.803523 -97.606530 
51.749244 -95.518395 
49.132946 -94.890411 
45.872393 -94.887324 
47.165214 -96.839631 
48.999784 -98.264061 
51.002483 -99.289386 
53.664286 -99.671733 
55.285701 -101.004876 
57.500118 -102.005946 
58.005942 -99.502389 
59.876437 -101.504970 
60.601164 -103.807431 
58.837007 -104.841135 
57.004353 -106.508556 
60.287419 -107.008209 
58.721568 -109.006821 
55.715843 -109.575270 
54.798558 -108.003546 
53.876962 -105.882336 
55.836551 -103.836537 
53.124453 -103.127850 
50.890397 -102.117519 
48.500666 -102.004623 
46.716870 -100.009098 
44.569992 -98.148078 
43.283398 -96.152994 
40.886961 -95.681124 
42.889660 -92.899296 
44.836795 -92.007153 
46.666575 -91.509705 
49.003616 -92.007153 
51.778942 -91.343889 
53.250909 -93.509199 
55.429880 -93.728376 
58.003068 -94.009734 
57.719021 -91.575414 
58.001631 -89.295003 
60.429203 -89.299854 
59.673341 -86.564772 
57.998278 -85.008042 
55.853316 -83.866734 
54.716170 -82.010565 
52.139629 -82.892565 
52.411701 -79.408665 
49.278083 -80.845002 
46.001244 -80.528364 
42.461913 -80.174241 
38.568601 -80.229366 
37.348588 -82.524330 
33.995588 -82.687941 
34.895629 -85.119615 
37.596231 -86.217264 
39.292370 -88.014780 
41.507266 -86.892876 
40.753799 -83.692980 
44.205952 -83.012517 
44.131228 -85.887837 
46.430907 -85.734369 
48.642929 -83.925828 
51.871389 -85.298220 
54.500141 -86.011317 
56.164666 -87.348870 
55.124757 -90.128493 
53.335213 -88.515756 
51.290841 -88.013898 
48.874765 -86.888025 
49.003616 -89.508006 
45.870477 -88.895016 
43.287230 -89.015409 
41.001442 -90.514809 
39.505046 -93.006459 
37.884589 -90.140841 
36.252157 -92.258523 
34.799829 -89.717481 
33.863863 -87.297273 
31.753868 -88.395804 
29.126074 -88.135173 
26.896329 -89.913726 
24.361940 -87.916878 
24.202433 -85.004955 
27.701528 -85.707027 
30.800658 -84.911022 
30.788683 -82.115964 
28.105325 -80.720640 
26.448464 -82.788489 
23.620448 -81.400662 
20.800096 -84.015792 
19.443089 -81.676728 
16.251512 -82.438776 
12.691105 -80.938053 
13.377033 -83.759130 
12.126364 -85.878576 
14.996053 -86.810409 
17.818321 -85.735692 
20.999839 -87.212160 
18.506165 -89.357184 
15.992852 -90.771912 
17.891129 -92.901060 
16.714226 -95.012127 
14.999885 -97.293861 
15.121551 -100.140075 
17.871969 -99.886941 
18.252774 -97.383384 
20.127101 -95.884866 
22.799442 -98.009163 
25.779780 -98.680806 
28.899986 -99.576918 
30.999922 -98.720937 
31.994805 -101.010609 
34.574220 -101.301228 
34.125876 -98.133084 
31.666690 -96.231051 
29.252530 -95.265702 
26.881959 -96.136677 
23.633381 -95.104296 
21.113362 -93.123324 
21.901796 -90.716787 
24.668021 -91.578060 
27.340362 -93.123324 
29.876188 -90.887895 
31.548377 -92.576484 
33.426536 -93.303693 
35.128423 -95.136048 
37.880757 -95.138253 
37.285839 -97.432776 
36.999876 -99.504594 
39.428406 -99.300852 
41.799456 -99.516942 
44.123085 -101.133207 
46.200029 -102.599973 
46.004597 -104.501565 
48.874286 -104.880825 
50.996256 -106.343622 
52.127654 -108.880695 
49.713973 -110.007009 
47.996279 -108.007074 
46.401209 -106.803585 
44.001419 -106.292025 
41.170050 -105.171444 
42.875769 -103.502259 
40.003206 -102.501189 
37.003229 -102.003300 
38.000028 -104.717655 
35.837343 -105.006069 
34.714088 -107.005122 
36.000203 -109.005057 
38.003860 -108.007515 
39.834598 -106.837542 
42.003510 -108.003546 
43.997587 -109.007262 
45.713844 -110.436984 
47.331906 -111.338829 
46.876856 -113.880753 
48.172072 -116.170866 
45.995496 -117.290565 
44.003335 -115.717959 
44.001419 -113.503257 
42.629084 -111.753369 
40.715479 -110.007450 
38.000028 -110.504016 
37.499952 -112.335048 
39.999853 -113.510754 
41.598276 -115.205958 
39.799631 -116.603928 
37.715981 -115.007949 
35.500127 -114.008202 
33.831770 -115.338258 
30.879693 -115.134957 
32.713784 -113.007132 
34.499975 -111.006315 
32.832097 -109.172196 
30.717791 -110.150775 
29.630461 -112.254786 
26.831185 -113.172948 
28.287345 -115.007949 
26.401522 -116.209674 
24.598087 -117.208980 
23.798157 -115.403967 
23.999816 -113.501934 
21.329391 -114.340275 
19.713724 -113.007132 
18.854877 -110.720988 
21.499436 -111.008520 
23.801989 -111.603870 
25.834386 -110.837412 
27.999945 -109.718595 
25.831033 -108.173331 
27.499869 -106.006698 
29.198882 -107.602236 
31.798894 -107.402022 
32.495360 -105.504399 
33.000226 -103.290138 
30.109940 -104.339277 
28.250462 -102.880449 
26.834059 -101.174220 
24.332721 -101.515995 
22.373132 -101.766924 
20.836021 -99.842841 
19.500090 -102.012561 
17.499307 -103.014072 
15.498524 -103.013631 
13.285065 -103.013190 
11.712987 -101.008404 
12.830494 -98.838684 
10.004394 -98.008722 
11.499832 -96.133149 
13.661080 -94.789863 
13.114541 -92.234268 
13.996380 -89.726742 
11.335535 -88.457103 
10.003915 -90.684594 
9.500486 -93.511404 
7.778481 -95.683770 
4.994533 -96.012315 
3.998692 -98.721819 
6.370700 -99.392580 
8.670858 -99.341865 
8.998494 -101.503206 
8.797793 -103.404357 
8.802104 -105.604065 
10.831627 -104.172579 
12.285392 -106.007580 
14.499809 -106.008903 
16.497718 -106.008903 
18.401743 -106.207353 
19.601638 -104.807178 
21.877846 -104.510385 
25.123071 -104.133330 
23.999816 -106.502382 
23.285148 -109.007262 
20.999839 -107.508303 
18.802187 -108.604188 
16.497718 -109.008585 
14.601357 -108.807489 
12.285392 -109.007262 
10.398132 -107.806860 
8.127193 -107.882712 
6.665764 -110.230155 
9.797945 -110.403909 
11.163574 -111.838923 
13.598331 -111.206529 
15.868791 -111.882141 
17.162570 -113.840181 
18.162722 -115.840998 
20.285171 -117.006561 
22.401872 -117.208980 
22.500546 -120.006243 
20.500242 -120.004920 
18.284388 -119.006496 
16.800925 -120.602034 
14.198997 -120.400497 
14.999885 -122.500098 
15.201544 -124.403454 
17.663604 -124.673346 
17.499786 -122.500098 
19.250052 -122.003532 
20.598916 -123.204375 
22.500546 -123.003720 
24.499892 -122.500098 
26.999793 -122.501862 
27.199057 -120.602034 
24.714005 -120.006684 
26.501154 -118.502874 
28.872683 -117.882387 
31.165656 -118.340145 
33.283315 -117.863865 
35.835427 -117.170172 
38.168636 -118.169919 
36.002598 -119.502621 
35.996371 -121.502556 
38.715175 -121.002021 
40.001769 -122.802624 
42.286120 -121.006431 
40.499450 -119.001204 
42.716262 -118.006749 
45.002529 -119.503944 
48.004422 -119.002086 
49.359513 -121.132557 
47.472732 -121.915332 
45.003966 -121.500792 
45.166347 -123.365340 
43.343273 -124.362882 
41.504392 -123.504696 
40.982761 -125.631198 
38.801395 -127.373148 
36.470102 -128.472120 
36.002119 -126.292257 
38.206956 -125.408493 
37.799327 -123.600393 
35.162432 -123.837651 
33.398754 -122.803065 
33.497907 -120.501927 
31.500956 -120.502809 
29.429760 -121.289994 
31.287801 -123.003279 
30.666059 -125.169912 
33.203322 -125.599446 
31.495208 -128.008629 
33.678011 -127.839726 
34.428125 -129.668112 
32.427821 -130.658157 
30.273279 -130.977000 
28.699764 -132.556221 
27.716377 -130.009887 
25.502439 -130.502484 
25.822890 -132.393051 
26.752629 -133.950663 
24.398344 -134.215263 
21.993285 -133.847910 
22.613111 -135.740241 
20.005914 -136.917270 
18.667109 -135.668358 
18.801229 -133.603596 
20.497368 -132.500655 
18.714051 -131.003019 
20.999839 -130.000185 
22.995353 -131.498703 
23.197491 -129.400425 
24.600961 -127.804005 
26.399127 -127.804005 
29.289413 -128.004219 
28.003777 -126.249921 
28.002340 -124.501797 
25.750561 -124.752285 
24.400260 -125.202546 
21.995201 -125.501985 
22.196860 -127.400931 
19.998729 -128.004219 
18.997140 -126.005166 
17.800598 -128.601774 
15.714553 -127.006236 
13.285544 -126.004284 
11.199020 -127.401813 
13.163878 -128.838591 
14.796789 -129.803940 
15.996205 -131.006106 
16.596392 -133.205373 
14.499809 -133.499961 
13.000060 -132.803622 
11.832258 -131.170158 
10.500159 -129.501855 
8.998494 -128.803752 
8.399265 -126.801612 
6.501946 -126.499968 
4.599837 -126.202293 
3.399942 -124.803000 
1.829780 -124.006113 
1.796729 -126.600957 
-0.004790 -128.503431 
2.498943 -129.008376 
4.500205 -128.503431 
6.500988 -128.502549 
5.498920 -131.005665 
7.500182 -131.002137 
9.500007 -131.501790 
10.200784 -133.401618 
11.598985 -135.195165 
13.285065 -136.141992 
16.000995 -135.495927 
16.000037 -137.259927 
17.192268 -138.564405 
14.498851 -138.826800 
12.333292 -138.520746 
10.302332 -137.562012 
8.807373 -136.378368 
8.998494 -134.752842 
6.993400 -133.505253 
6.746715 -135.900324 
5.030458 -134.911602 
3.477061 -133.653429 
3.136971 -131.290992 
0.758257 -132.917841 
0.157112 -131.018895 
-1.663088 -130.474701 
-3.604475 -130.701375 
-5.796858 -129.361617 
-4.004919 -128.001132 
-6.601578 -127.213947 
-8.519973 -127.957914 
-9.180514 -126.188181 
-11.796333 -126.103068 
-13.932194 -124.882821 
-12.503337 -123.506901 
-11.999908 -121.752162 
-9.799861 -122.602851 
-10.202221 -124.400808 
-7.204639 -124.401249 
-5.403599 -125.203869 
-3.398984 -125.806716 
-1.148642 -126.718263 
-1.004942 -124.502238 
-3.289293 -123.004161 
-5.501315 -122.008383 
-7.402945 -122.208156 
-8.499855 -120.503691 
-10.501117 -120.502809 
-11.602338 -118.804959 
-9.199195 -118.601658 
-7.005375 -117.287919 
-6.203050 -119.402073 
-3.711292 -120.003156 
-1.602255 -120.802689 
-0.203575 -122.601969 
0.499118 -120.999816 
2.599533 -121.202235 
4.873825 -121.879170 
7.876197 -122.129658 
6.167604 -124.170165 
8.498897 -124.502679 
10.666372 -125.168589 
11.496958 -123.500727 
12.499984 -121.499910 
10.286046 -121.002021 
8.716363 -119.001204 
6.282564 -119.145411 
3.999171 -118.719846 
1.598423 -119.204064 
0.659583 -117.673353 
-1.716257 -118.006308 
-4.165384 -117.168849 
-5.287202 -115.003098 
-7.500182 -114.501681 
-9.287810 -116.003286 
-11.400679 -115.803072 
-13.001497 -117.003033 
-15.006112 -115.500987 
-14.599441 -113.206023 
-16.502029 -113.007132 
-18.500417 -113.008455 
-20.403005 -113.206464 
-22.398998 -113.804019 
-21.401720 -116.200854 
-19.336272 -116.332713 
-17.802035 -115.399557 
-16.498197 -117.500040 
-15.004196 -118.205199 
-13.500136 -120.002274 
-16.000995 -120.498399 
-14.800621 -122.409252 
-16.146132 -123.565995 
-18.129671 -122.326344 
-20.336903 -121.088898 
-18.506644 -120.509865 
-18.200084 -118.602981 
-20.799138 -118.404972 
-22.167641 -119.761488 
-24.704904 -118.548297 
-23.681281 -116.833248 
-24.203391 -115.003980 
-25.601113 -113.805342 
-27.505617 -114.505650 
-26.978238 -116.647587 
-29.361263 -115.144218 
-31.162303 -113.803137 
-29.499215 -112.013559 
-27.291504 -112.008708 
-28.005693 -109.502946 
-26.668325 -107.839053 
-27.803555 -105.401646 
-29.287976 -107.006004 
-32.008217 -106.719795 
-31.006149 -104.502888 
-31.003754 -102.500748 
-28.503374 -103.008780 
-26.602223 -102.811212 
-25.171929 -104.173461 
-22.838720 -104.840253 
-24.802620 -106.402275 
-24.502766 -108.502758 
-25.002363 -110.503134 
-24.001732 -112.251699 
-21.802164 -111.402333 
-19.997771 -110.008332 
-22.501983 -109.503828 
-22.000949 -107.290890 
-20.004477 -105.721812 
-18.003694 -103.719231 
-20.875778 -102.878685 
-23.803426 -102.401082 
-24.002211 -100.292661 
-27.758050 -100.379979 
-26.167291 -98.839566 
-27.150199 -96.725412 
-24.501329 -97.009857 
-22.129321 -97.884360 
-19.202631 -98.603190 
-20.999839 -100.293543 
-18.502812 -101.008404 
-16.598308 -101.206413 
-15.005154 -100.006893 
-16.172956 -98.177625 
-17.838918 -96.840513 
-20.004477 -95.508252 
-22.289786 -94.865715 
-24.499892 -94.005765 
-26.880043 -94.132332 
-28.516307 -92.520477 
-30.141075 -90.894069 
-32.841677 -91.846188 
-34.010437 -90.214488 
-35.842612 -89.844048 
-38.290302 -91.011375 
-37.178064 -93.014397 
-35.004841 -93.506994 
-36.729720 -95.571315 
-36.720619 -98.010486 
-34.170902 -97.840701 
-33.000226 -96.004377 
-31.839609 -93.839508 
-30.008392 -95.291280 
-29.880978 -97.883037 
-30.600436 -100.207548 
-32.433569 -99.732591 
-35.006278 -100.290897 
-34.008521 -102.501189 
-34.007084 -104.720742 
-35.602633 -106.209117 
-34.009958 -107.751735 
-33.811652 -109.397106 
-31.005191 -109.288620 
-31.804642 -111.402774 
-33.413603 -112.686084 
-35.099204 -111.089664 
-36.982632 -109.665234 
-37.200098 -107.600031 
-39.418347 -108.655344 
-41.713236 -107.337636 
-39.839867 -106.165899 
-37.802680 -105.402528 
-37.204409 -103.602366 
-36.757023 -102.249819 
-37.600542 -100.208430 
-39.249260 -100.759680 
-40.502324 -101.504088 
-39.505046 -103.501818 
-41.606898 -104.812470 
-42.204211 -103.005252 
-43.822273 -105.139251 
-45.954781 -103.618242 
-44.169069 -101.837484 
-42.999830 -100.206225 
-41.503434 -99.505035 
-39.502651 -98.504406 
-39.205671 -96.600609 
-39.676049 -94.342689 
-41.289800 -93.009546 
-40.607225 -91.009611 
-41.337700 -89.173728 
-40.833313 -87.173793 
-42.839844 -85.841091 
-41.003837 -83.722086 
-39.009760 -85.722903 
-38.007213 -88.295256 
-36.002598 -87.008859 
-34.171381 -85.842855 
-33.011243 -87.816330 
-31.508620 -88.525458 
-29.131343 -88.135173 
-26.562466 -89.354538 
-24.879739 -91.142352 
-21.806475 -92.015973 
-18.626873 -93.268854 
-18.294926 -90.577431 
-19.132218 -88.512669 
-21.882157 -89.135361 
-23.674096 -87.456474 
-24.501808 -85.008924 
-22.130758 -83.883933 
-20.312474 -85.717611 
-17.112275 -86.348682 
-15.452061 -88.688628 
-13.003892 -89.515062 
-14.501725 -91.883673 
-16.378447 -93.394980 
-15.402724 -95.805045 
-13.099213 -95.813865 
-13.169147 -98.677278 
-11.005025 -99.008910 
-8.147790 -98.722701 
-10.003915 -101.291526 
-11.003588 -103.720113 
-13.004850 -101.720178 
-14.833193 -103.170627 
-15.832866 -105.172326 
-17.001147 -107.006886 
-18.832843 -108.172008 
-16.879481 -110.133576 
-14.501725 -110.503575 
-12.802712 -111.602547 
-12.337603 -113.839299 
-10.501117 -112.502628 
-9.004242 -113.207787 
-7.000106 -112.007826 
-4.998365 -111.808494 
-3.004288 -113.294223 
-2.005094 -115.503633 
-0.284047 -113.008014 
1.120381 -115.134957 
3.398026 -114.808617 
4.197956 -116.603487 
6.500509 -116.009019 
8.499855 -116.007696 
10.799534 -115.603299 
11.126212 -117.879741 
13.500136 -118.004985 
15.795983 -118.401885 
15.829992 -116.339769 
13.995901 -114.764958 
12.164684 -113.841063 
9.401333 -113.206905 
7.287506 -112.865130 
5.143981 -113.438430 
2.869210 -111.883464 
3.858824 -109.292148 
4.502121 -107.502129 
5.376775 -105.755328 
6.424827 -103.582962 
4.995970 -101.721501 
3.165711 -103.171509 
2.001262 -105.002541 
0.664373 -106.840629 
1.600818 -108.807048 
0.502950 -110.513718 
-1.835528 -110.840940 
-3.838227 -109.841193 
-5.603342 -108.808371 
-4.001566 -107.005122 
-1.716257 -108.013248 
-2.005094 -105.288309 
-4.000129 -103.718790 
-6.004744 -105.290514 
-7.203202 -107.402463 
-7.997384 -109.171755 
-10.003436 -110.295423 
-12.172348 -109.176165 
-14.131937 -107.886681 
-13.004850 -105.291396 
-10.502554 -107.006004 
-8.834676 -105.172326 
-7.339238 -102.895443 
-7.002980 -100.504341 
-4.500684 -101.008845 
-1.999825 -101.502324 
-0.667726 -103.667634 
0.502471 -101.514672 
2.167475 -100.677213 
0.998236 -98.503083 
-1.999825 -99.012438 
-5.006029 -98.504847 
-3.881816 -96.135354 
-1.001110 -95.819598 
1.999825 -96.010110 
1.742602 -93.384396 
0.002874 -91.723590 
0.005748 -89.506242 
-2.669467 -88.585434 
-5.135359 -87.891300 
-4.672166 -91.121184 
-2.452959 -92.786841 
-5.288160 -94.008411 
-7.672622 -94.174227 
-7.002980 -96.504912 
-10.005352 -96.010551 
-11.751307 -93.379986 
-10.713793 -91.008729 
-8.576974 -92.295567 
-7.671185 -89.898732 
-8.127672 -87.134544 
-10.801450 -87.518655 
-13.340629 -85.897980 
-11.908419 -83.030157 
-9.003763 -84.007854 
-9.501923 -80.811045 
-6.367826 -81.744642 
-6.003786 -85.010688 
-3.005246 -85.009365 
-0.003832 -87.019884 
2.994708 -88.014339 
3.488078 -90.811161 
5.327438 -93.122001 
7.127999 -90.888777 
6.202092 -88.108272 
8.594697 -86.615487 
9.662867 -83.902896 
8.453392 -81.173547 
4.999802 -81.013905 
5.905112 -84.387996 
2.998061 -84.524706 
-0.004311 -84.012705 
1.311023 -80.940699 
-2.470682 -82.131399 
-3.731410 -80.436636 
-3.568071 -78.341886 
-6.750068 -77.107968 
-9.502402 -78.205176 
-10.823963 -75.664134 
-14.003565 -75.532275 
-16.921154 -74.664387 
-19.706539 -73.624509 
-22.810459 -75.008808 
-22.520664 -72.021033 
-25.509624 -70.685244 
-28.514391 -69.514830 
-30.762817 -66.103695 
-32.406266 -68.615190 
-31.123025 -71.687196 
-29.212294 -73.578204 
-25.906236 -74.388762 
-28.007609 -76.514823 
-25.911505 -78.659406 
-23.006849 -78.012018 
-20.096445 -77.384034 
-17.189394 -78.287643 
-13.308536 -78.803613 
-14.812117 -81.010818 
-15.130652 -83.886579 
-17.865742 -83.294316 
-18.922416 -81.203094 
-22.373132 -80.921736 
-25.330478 -82.009683 
-27.498911 -83.133351 
-27.002188 -86.004702 
-29.502568 -85.010247 
-31.717943 -85.005837 
-33.130993 -82.882863 
-35.509228 -81.007290 
-36.138634 -83.883051 
-38.297487 -82.872279 
-39.136216 -80.521308 
-41.891903 -80.687565 
-40.509988 -77.810481 
-40.140679 -75.387186 
-40.835229 -73.173807 
-43.128202 -74.131218 
-43.722162 -77.011389 
-44.772130 -79.260930 
-46.298224 -81.872532 
-44.010041 -82.294128 
-44.512991 -84.335517 
-46.293434 -86.009112 
-44.341509 -87.841908 
-43.884064 -90.136872 
-44.007167 -92.503719 
-43.290583 -95.005953 
-41.502476 -97.007211 
-44.008125 -97.502895 
-46.604784 -97.808949 
-45.207062 -99.404928 
-46.602389 -101.207736 
-48.807705 -101.747079 
-48.404866 -99.212652 
-51.366523 -99.954855 
-50.807051 -98.402976 
-49.167434 -96.840513 
-49.290537 -94.003119 
-47.500993 -95.502519 
-45.502126 -95.008158 
-47.005228 -92.718486 
-47.012413 -90.503784 
-47.010018 -88.503849 
-49.209107 -87.405759 
-49.008885 -85.503285 
-48.725796 -83.573910 
-49.007927 -81.503856 
-48.010170 -79.505685 
-47.135037 -77.137515 
-45.806291 -75.403062 
-46.130095 -73.137645 
-48.719569 -73.013724 
-49.584643 -75.148605 
-50.008558 -77.504427 
-51.007273 -79.725303 
-52.295783 -76.868946 
-54.502536 -77.009625 
-56.405124 -77.212044 
-57.407192 -75.213432 
-59.180450 -74.177523 
-61.294277 -73.011078 
-60.300831 -71.143884 
-59.680047 -69.172614 
-57.156196 -69.724305 
-56.886998 -72.139221 
-55.404014 -74.210598 
-53.205404 -74.603529 
-51.806724 -73.403127 
-51.009668 -71.504622 
-54.005334 -71.725122 
-53.882231 -69.130719 
-51.010147 -69.502482 
-51.009189 -67.015242 
-51.132292 -64.134630 
-53.431013 -65.302839 
-55.294323 -67.009509 
-57.883318 -66.882060 
-60.504885 -67.004217 
-62.801690 -66.401811 
-65.006048 -67.720401 
-62.719302 -69.003711 
-64.127562 -71.134623 
-66.402333 -71.807148 
-64.152949 -73.724616 
-63.719933 -76.007232 
-61.605627 -75.808341 
-59.840512 -76.838958 
-58.251669 -78.007608 
-59.508086 -80.010189 
-61.502642 -78.501087 
-63.170520 -79.002504 
-64.837440 -80.168067 
-66.842534 -81.168696 
-64.402029 -82.803924 
-62.499920 -82.004832 
-60.601164 -82.205046 
-57.716147 -82.435689 
-58.836528 -84.170583 
-57.005790 -86.292675 
-54.838315 -85.673070 
-54.807180 -83.603898 
-55.505562 -82.009242 
-56.291122 -80.011071 
-53.805591 -79.402932 
-53.209715 -81.405072 
-51.882885 -83.135556 
-51.877137 -85.879899 
-53.502863 -87.504543 
-54.750658 -89.005266 
-56.500445 -89.005707 
-58.837486 -88.169571 
-60.004330 -86.004261 
-62.003676 -84.719187 
-63.499114 -86.500827 
-61.803454 -87.604209 
-61.802496 -89.398638 
-59.342831 -90.172593 
-57.503950 -91.502649 
-55.601841 -91.806939 
-53.751464 -91.003437 
-52.335540 -89.515503 
-50.147468 -89.293239 
-50.007121 -91.501767 
-52.808313 -92.603385 
-51.868994 -94.294179 
-51.812472 -96.401277 
-53.353415 -98.131320 
-54.790415 -96.783624 
-54.835920 -94.173786 
-56.664263 -95.550147 
-57.747282 -93.918888 
-59.482220 -92.956626 
-61.411632 -91.739907 
-63.397087 -90.618885 
-64.911685 -89.194455 
-65.018981 -87.751503 
-66.952704 -86.935212 
-65.175614 -85.176945 
-66.609261 -83.811609 
-68.487420 -84.980259 
-70.575860 -83.883051 
-68.799249 -82.402173 
-70.201761 -80.597601 
-72.272478 -82.095237 
-73.168208 -80.166303 
-75.623562 -79.589475 
-73.752588 -78.009813 
-72.402766 -76.209210 
-70.002018 -76.005027 
-71.172215 -78.175629 
-69.254299 -79.005150 
-67.752634 -79.006914 
-66.006200 -77.719635 
-67.152926 -75.722787 
-67.206574 -73.601577 
-69.399915 -73.807083 
-71.836588 -73.171602 
-70.719560 -71.007174 
-68.502748 -71.007615 
-66.840618 -69.171291 
-68.181339 -67.519746 
-69.672945 -67.188555 
-72.006633 -67.294395 
-72.512936 -69.335343 
-73.602661 -71.202096 
-75.252337 -71.000118 
-76.206505 -69.402816 
-78.004192 -68.003964 
-76.253447 -67.008627 
-74.299606 -66.874122 
-74.581737 -64.287657 
-73.171561 -62.835003 
-72.155602 -60.863733 
-69.884184 -62.131608 
-71.006960 -64.721160 
-68.009378 -64.011591 
-66.009553 -65.500848 
-65.004132 -63.836073 
-63.511089 -62.003277 
-61.886800 -64.138599 
-59.018069 -64.012914 
-56.132094 -64.133307 
-54.512116 -62.126757 
-56.264298 -59.630256 
-57.843082 -61.339131 
-60.015826 -60.517548 
-62.150250 -59.443272 
-64.262161 -57.761739 
-65.436190 -59.718015 
-67.007310 -61.292826 
-69.010009 -59.505012 
-69.007614 -57.293838 
-66.569504 -56.236320 
-64.511241 -53.884026 
-62.514290 -55.134702 
-60.720435 -57.010275 
-58.574036 -56.730240 
-56.010907 -57.007188 
-53.236539 -58.342536 
-52.137713 -60.881814 
-49.840429 -61.840548 
-48.008733 -63.011844 
-45.894427 -62.121906 
-43.383030 -62.645373 
-41.003837 -63.821520 
-40.308329 -66.806649 
-40.754757 -69.002829 
-43.884543 -68.132736 
-44.606396 -65.509227 
-48.156744 -65.726640 
-47.127373 -67.896801 
-48.132315 -70.133994 
-44.876073 -70.888104 
-42.293305 -71.014230 
-38.898153 -71.353359 
-36.893059 -72.905679 
-36.453816 -75.673836 
-37.111962 -78.347619 
-34.133061 -77.888097 
-32.507814 -80.010630 
-30.135327 -81.883998 
-29.210378 -79.308558 
-31.120151 -76.677111 
-33.336484 -74.786544 
-33.884460 -72.137898 
-35.309006 -69.715044 
-37.208720 -67.516659 
-34.512908 -65.809548 
-34.007563 -63.007875 
-37.812260 -64.014237 
-38.590156 -60.930324 
-40.346649 -57.838032 
-42.556755 -59.822091 
-46.517127 -59.204250 
-49.889287 -58.675050 
-47.888504 -56.512386 
-44.831526 -56.552076 
-43.332735 -54.673857 
-46.511858 -52.512075 
-49.129114 -54.137160 
-51.337783 -55.570410 
-53.884147 -54.879804 
-57.008664 -54.006183 
-60.008162 -53.510058 
-58.346511 -51.114105 
-57.471378 -48.380346 
-54.824903 -50.319864 
-53.644168 -52.389918 
-51.116485 -51.342984 
-48.734897 -49.926933 
-51.680747 -47.767797 
-54.518343 -46.349982 
-54.760238 -43.125390 
-57.375578 -44.455446 
-60.012473 -46.004238 
-60.819109 -43.008525 
-57.487664 -40.636827 
-58.717736 -37.702854 
-60.723788 -40.003551 
-63.448819 -41.297445 
-65.352844 -40.015458 
-68.010336 -39.009978 
-70.883378 -38.133270 
-73.526500 -37.314774 
-72.564189 -40.644765 
-75.904256 -39.896388 
-78.137833 -38.884734 
-81.006564 -38.292912 
-81.172298 -40.676517 
-79.152834 -41.722569 
-78.435771 -44.001216 
-76.297515 -42.866964 
-73.898683 -43.674435 
-71.009355 -43.816437 
-69.131196 -41.504715 
-66.807567 -43.513470 
-63.811901 -44.101323 
-63.525459 -46.808622 
-61.128064 -48.898521 
-62.117678 -51.344307 
-64.630991 -50.259447 
-66.512982 -52.007571 
-68.509933 -53.876088 
-70.503052 -55.005930 
-73.007743 -54.001332 
-74.293858 -56.007441 
-71.716838 -57.434958 
-73.294664 -59.009328 
-75.431483 -59.295096 
-76.442652 -62.147925 
-77.503158 -60.008634 
-80.007370 -59.503689 
-82.502002 -60.009516 
-84.504222 -60.006870 
-86.503568 -60.006870 
-88.713674 -60.005547 
-89.600303 -62.206137 
-87.502283 -63.005229 
-85.603048 -63.202356 
-83.808235 -62.400618 
-81.401260 -62.205696 
-79.604531 -61.810119 
-78.810828 -63.604548 
-77.177438 -65.178477 
-79.501546 -66.009321 
-81.499455 -65.005605 
-83.402522 -64.802304 
-85.004777 -65.499084 
-84.504701 -67.504752 
-82.204543 -67.405086 
-80.502656 -68.502294 
-79.808106 -70.007868 
-77.861929 -71.432739 
-76.172017 -73.166310 
-73.834976 -74.170908 
-75.201084 -75.604158 
-76.001972 -77.504427 
-78.791668 -76.756491 
-77.606143 -75.206817 
-79.970966 -74.489751 
-79.810980 -72.602712 
-82.769284 -72.781758 
-81.810326 -71.400546 
-82.501523 -69.503364 
-84.475961 -69.964209 
-86.614217 -68.625774 
-86.842700 -66.343158 
-88.783608 -65.463363 
-90.630632 -64.388646 
-91.487084 -62.485731 
-93.606180 -60.656463 
-91.504807 -60.503436 
-91.003773 -58.289175 
-93.505590 -58.003407 
-95.353572 -58.158198 
-96.894994 -56.625723 
-95.807185 -54.601533 
-94.006624 -55.203939 
-92.002488 -56.002590 
-89.207044 -56.402577 
-88.806600 -54.603738 
-86.505005 -55.005930 
-87.510426 -57.670011 
-84.721209 -57.008070 
-82.006237 -57.502431 
-79.403830 -57.209607 
-77.134807 -56.885472 
-77.208094 -54.600210 
-75.882701 -52.877664 
-76.137050 -49.884597 
-74.005979 -50.680602 
-72.014297 -49.503132 
-71.841857 -52.170300 
-69.838679 -51.170994 
-68.506101 -49.501368 
-66.457418 -47.786319 
-68.379166 -45.763452 
-71.010792 -47.005308 
-73.504466 -47.006190 
-75.402743 -45.805788 
-76.339188 -47.336499 
-79.130800 -46.130805 
-81.432395 -45.297756 
-83.171644 -46.336311 
-83.009263 -48.504708 
-80.669827 -49.512834 
-78.716465 -48.864123 
-79.300845 -51.575391 
-79.440234 -53.573562 
-80.601809 -55.203498 
-82.404286 -55.206585 
-84.206284 -54.402201 
-83.008784 -52.501491 
-82.807604 -50.602986 
-85.208352 -50.404095 
-86.152461 -52.284519 
-88.403282 -52.204698 
-91.009042 -51.501744 
-90.604287 -53.805528 
-92.502564 -53.500797 
-94.208283 -52.403148 
-93.504153 -50.008077 
-91.503370 -49.501809 
-89.401997 -49.803894 
-87.501804 -49.004802 
-85.404742 -48.208797 
-86.810607 -46.605321 
-88.212161 -45.407124 
-89.604135 -47.203758 
-91.675331 -47.342232 
-93.001203 -46.004238 
-95.603610 -45.805347 
-94.501910 -47.503638 
-97.399860 -48.203946 
-95.834967 -49.339521 
-96.001659 -51.251697 
-97.168982 -52.834005 
-98.947988 -53.991189 
-100.897518 -51.642864 
-98.603587 -50.807169 
-100.210632 -49.405230 
-102.648742 -48.983193 
-104.562826 -47.128347 
-102.503126 -46.504773 
-103.603389 -44.810892 
-105.927497 -44.960391 
-107.416708 -43.441587 
-105.402513 -42.806547 
-103.200550 -42.598395 
-101.839232 -41.169555 
-99.723010 -43.002792 
-101.205036 -44.600535 
-100.756213 -46.765845 
-99.506502 -47.500110 
-98.204101 -45.999828 
-97.204907 -44.402526 
-97.501887 -42.009219 
-95.501104 -42.006132 
-94.252830 -44.003421 
-92.005362 -44.002098 
-90.005058 -43.508178 
-88.403761 -42.806106 
-86.009240 -43.011612 
-84.840001 -44.839998 
-82.764494 -42.754950 
-84.007978 -40.007961 
-86.838868 -40.840128 
-88.386517 -39.257379 
-90.885460 -38.133270 
-91.136456 -40.880700 
-93.503674 -41.007267 
-93.601390 -38.204712 
-92.802418 -36.402786 
-94.155593 -34.723458 
-91.008084 -34.721694 
-88.569974 -35.347914 
-86.631461 -37.253916 
-84.007499 -37.290519 
-82.011985 -35.507115 
-79.128405 -36.132012 
-76.807650 -35.309988 
-74.141536 -34.887510 
-71.211493 -33.516000 
-69.018152 -35.558712 
-66.385568 -35.270298 
-64.791456 -36.905967 
-62.136838 -37.881900 
-61.656880 -35.101395 
-62.753790 -31.875480 
-65.002695 -32.514048 
-68.406469 -31.621464 
-66.016259 -28.810530 
-68.719256 -27.812106 
-71.013187 -26.206425 
-73.295143 -27.996885 
-71.928556 -30.108393 
-74.135788 -32.127291 
-77.011704 -32.008221 
-76.521687 -29.501577 
-76.009636 -27.290403 
-74.217697 -25.009551 
-75.013795 -22.012074 
-72.132610 -20.878704 
-71.129584 -23.122512 
-67.636237 -24.538122 
-68.326476 -20.770659 
-71.082163 -17.480799 
-74.631074 -18.632250 
-75.519619 -15.092784 
-78.884115 -14.885514 
-79.107329 -12.373578 
-83.241578 -10.788624 
-83.341210 -13.904730 
-84.123417 -16.521183 
-86.171621 -17.350704 
-85.880389 -19.885572 
-83.142904 -20.295261 
-82.009590 -18.299295 
-81.001295 -15.764868 
-78.389787 -18.107460 
-78.019520 -21.010122 
-80.434159 -21.294126 
-82.296511 -23.003001 
-80.890646 -25.135677 
-77.640631 -23.750055 
-78.257583 -26.262873 
-80.133347 -28.129185 
-83.008305 -27.289080 
-84.293462 -25.004259 
-85.516828 -22.504230 
-86.503089 -25.003377 
-88.726128 -26.004006 
-90.721163 -28.001295 
-88.516805 -29.255058 
-86.131385 -27.877815 
-84.881195 -30.134412 
-82.293637 -30.002994 
-79.721407 -31.002741 
-80.150112 -33.286680 
-83.005431 -32.719554 
-84.841917 -34.840764 
-86.013072 -33.011937 
-88.137437 -31.882536 
-90.503697 -32.004252 
-93.130533 -32.126409 
-92.004883 -30.005199 
-94.008061 -28.713510 
-95.154308 -26.721954 
-97.402734 -26.802657 
-99.502191 -25.010433 
-97.008038 -24.504606 
-95.808143 -22.607424 
-98.292716 -22.013397 
-96.148712 -20.294820 
-95.720965 -18.010881 
-93.382966 -18.269748 
-91.305064 -20.311578 
-93.004077 -22.007664 
-94.174753 -24.174738 
-92.293241 -26.007534 
-90.839476 -24.169446 
-88.886593 -22.878198 
-88.174799 -20.343330 
-89.514562 -18.337662 
-89.354576 -16.239384 
-87.008434 -14.728518 
-86.639604 -12.104568 
-87.184227 -9.099594 
-89.508335 -6.510924 
-92.019253 -7.777476 
-91.031555 -10.378053 
-90.215339 -13.022289 
-92.114095 -15.358266 
-94.887505 -15.140853 
-96.257924 -12.770037 
-93.887353 -11.883186 
-95.135627 -9.133992 
-94.012372 -6.511806 
-92.556691 -3.829644 
-95.320042 -1.720782 
-96.557778 -4.649022 
-99.524225 -3.018204 
-102.391519 -2.391543 
-104.570011 -4.240656 
-102.723466 -6.010830 
-99.815457 -6.012594 
-97.693966 -8.022231 
-98.012022 -10.721592 
-99.005468 -13.005531 
-97.888440 -16.140600 
-100.253742 -15.264333 
-102.903091 -15.347241 
-106.013238 -15.012963 
-108.720546 -16.006977 
-109.402163 -18.804240 
-111.174463 -20.175750 
-110.674866 -22.173039 
-112.204792 -23.600115 
-114.001521 -24.203403 
-115.201416 -25.601373 
-114.398612 -27.803286 
-112.603799 -26.807067 
-110.838205 -25.670610 
-109.004114 -27.004194 
-111.008729 -28.501830 
-112.599967 -30.200121 
-110.204967 -30.401658 
-107.838707 -28.839636 
-106.174182 -30.171897 
-104.810948 -31.603824 
-103.677155 -33.172902 
-105.503582 -35.004375 
-107.204511 -36.601236 
-106.804067 -38.399634 
-104.007665 -37.502640 
-103.204382 -35.401716 
-101.502495 -36.500688 
-99.404954 -36.207423 
-100.721246 -34.010361 
-101.338677 -31.836231 
-102.841300 -29.838942 
-104.013413 -28.010556 
-105.343596 -26.678295 
-107.148468 -25.439526 
-109.006988 -24.252795 
-108.204663 -22.602132 
-107.801345 -21.003066 
-105.836008 -20.171781 
-107.009079 -18.009999 
-104.609289 -17.814636 
-103.408436 -19.214811 
-101.504411 -18.011763 
-98.880928 -18.884061 
-101.012478 -20.507823 
-101.009125 -22.722525 
-103.401251 -21.807450 
-105.604172 -22.808079 
-104.173878 -24.171210 
-102.173095 -25.173162 
-101.171506 -27.171333 
-98.838297 -28.165347 
-100.170875 -29.835414 
-98.432584 -31.722894 
-96.137216 -30.127356 
-96.012197 -32.718231 
-97.510030 -34.498548 
-97.209218 -36.403668 
-95.806227 -37.603629 
-95.502541 -39.502575 
-97.837666 -38.998953 
-99.504586 -40.005756 
-101.174380 -38.674818 
-103.502320 -39.504339 
-105.166845 -40.334742 
-107.611661 -41.311116 
-108.922684 -39.918879 
-110.137428 -38.367882 
-111.560537 -36.680175 
-109.598074 -36.207423 
-108.004441 -34.501635 
-107.337673 -32.332356 
-109.249841 -31.999842 
-111.001065 -33.000030 
-112.477343 -34.802838 
-113.728491 -32.986800 
-114.548539 -31.269987 
-115.746518 -29.804985 
-116.785948 -27.806373 
-118.078290 -26.329905 
-119.103829 -24.582663 
-117.170585 -23.838255 
-115.834654 -22.171275 
-113.804652 -21.402171 
-114.005353 -19.752390 
-116.172349 -18.834669 
-117.837353 -20.167371 
-118.752722 -22.011633 
-120.460836 -22.462335 
-120.671596 -20.122389 
-122.551192 -19.108530 
-123.705103 -16.581159 
-121.506493 -17.008929 
-119.146939 -17.577819 
-117.009641 -16.503543 
-117.147593 -14.291487 
-115.860041 -12.720645 
-113.006638 -13.722156 
-114.502555 -15.502914 
-114.502555 -17.502849 
-112.601883 -18.203598 
-111.007771 -17.251479 
-111.807701 -15.603903 
-110.170958 -13.840785 
-108.170175 -12.842361 
-106.174661 -11.678562 
-104.009102 -12.513816 
-101.514470 -11.763234 
-101.011520 -9.012717 
-103.891747 -8.459262 
-106.133946 -9.133992 
-108.864246 -8.720775 
-109.345162 -10.844190 
-111.504973 -11.013975 
-113.503840 -11.010447 
-115.883033 -10.134621 
-117.174417 -8.175699 
-118.295756 -6.005979 
-117.869925 -3.716307 
-115.754182 -2.635416 
-112.884014 -2.879289 
-113.343375 -5.172489 
-115.252669 -6.394500 
-112.734566 -8.574804 
-111.674539 -6.839469 
-109.207210 -6.600888 
-106.894119 -5.681844 
-109.525266 -4.015746 
-110.345314 -1.843821 
-108.722462 -0.012348 
-106.510919 -1.621998 
-103.921924 0.170667 
-100.673346 -0.011466 
-97.558409 0.342216 
-100.757650 2.612925 
-103.463042 4.662693 
-105.245401 2.643795 
-107.785059 2.648646 
-108.720067 5.378877 
-105.669316 6.875190 
-107.677284 9.071811 
-108.128502 12.096189 
-110.150840 14.104944 
-113.014781 13.990725 
-113.019092 16.997463 
-110.211673 17.296461 
-112.671338 20.075202 
-112.802584 23.089437 
-114.206533 26.443683 
-115.297216 23.996574 
-116.017153 20.992041 
-115.869621 18.282096 
-116.909530 16.448418 
-118.904565 14.330736 
-115.890697 13.868127 
-117.142324 11.114523 
-120.019198 9.986445 
-120.346834 12.161016 
-122.502334 10.990602 
-124.721541 10.993689 
-127.013077 11.824974 
-127.803906 13.599117 
-124.882006 14.121702 
-122.137815 14.116410 
-121.393928 16.623495 
-120.239059 18.554193 
-119.221184 20.701422 
-118.016499 23.284359 
-118.161157 25.714269 
-117.527440 27.999972 
-115.655508 30.350943 
-117.526003 34.331409 
-118.947675 31.399200 
-122.015191 31.993668 
-121.231547 34.891479 
-124.122312 35.666757 
-126.680651 36.832320 
-127.443698 34.565139 
-125.525303 32.796729 
-127.236291 30.328893 
