-134.589420 54.007506 
-127.976825 59.495751 
-134.477813 63.576324 
-127.778519 67.369806 
-129.695956 73.696833 
-126.837763 80.400915 
-123.644270 86.822757 
-119.626897 94.563189 
-113.645145 94.112046 
-108.828800 96.458166 
-113.081362 101.913336 
-106.670905 105.858081 
-102.791484 111.601665 
-98.220866 109.012995 
-95.028331 115.983000 
-88.736666 115.627995 
-84.452969 119.944503 
-77.078285 122.339133 
-69.637020 122.928750 
-64.102654 118.029681 
-59.521019 124.227936 
-47.752468 122.699430 
-54.916392 116.787825 
-48.329663 111.772773 
-40.148343 116.257743 
-30.903164 117.799920 
-30.834667 109.015200 
-42.148168 104.632542 
-33.426057 98.403858 
-22.564253 101.116449 
-15.833824 106.950879 
-5.979836 92.138571 
-15.546903 84.324933 
-22.952722 91.637595 
-33.846140 85.817277 
-43.458233 91.877058 
-51.506391 97.689438 
-55.541966 105.272874 
-62.169889 111.361761 
-65.755204 104.768370 
-71.160240 97.394850 
-61.984037 94.323726 
-54.606000 85.753332 
-43.998545 76.311963 
-31.679144 66.937185 
-25.167139 76.044276 
-10.621825 72.521568 
-18.289657 58.611987 
-29.028358 48.909105 
-42.143378 57.142134 
-54.017788 61.199775 
-68.924747 62.683740 
-60.772646 74.511801 
-69.413327 85.303071 
-79.317131 88.081812 
-89.828307 86.844366 
-94.528734 94.278303 
-85.231344 95.011245 
-79.648120 100.474353 
-75.409928 107.326170 
-71.146349 114.016140 
-78.978957 115.108497 
-84.387346 108.357669 
-92.047993 108.455571 
-90.180851 101.509380 
-98.157638 101.912895 
-103.316468 98.873964 
-103.239349 92.416401 
-100.385467 86.488479 
-108.558644 86.620779 
-116.184803 87.596271 
-117.754007 81.087111 
-120.548972 75.580344 
-118.490709 70.145460 
-110.583856 70.058583 
-110.200656 78.841980 
-102.419780 75.668103 
-95.950885 80.183061 
-87.279548 77.182938 
-77.025116 75.089952 
-84.357648 64.217979 
-94.639862 68.477598 
-103.177079 65.345616 
-111.122731 60.549300 
-119.363447 63.630126 
-120.981030 56.476665 
-114.157675 52.787700 
-112.809290 45.799614 
-113.505756 38.606463 
-121.305313 32.444811 
-111.016872 30.490740 
-102.880099 33.354594 
-100.598143 41.350806 
-103.794989 48.508236 
-103.702063 56.183400 
-94.239897 57.025710 
-91.050715 46.724832 
-80.464815 52.598070 
-68.126254 47.306070 
-55.060092 41.998635 
-38.982457 36.842022 
-51.761698 23.500008 
-65.495586 22.142169 
-65.728380 6.549732 
-82.768805 5.409306 
-79.010571 -7.704270 
-93.830831 -7.643412 
-105.987372 -15.114393 
-119.487987 -9.859437 
-110.077553 -2.438289 
-105.589323 7.016310 
-96.603762 7.591374 
-89.928897 16.468704 
-78.873098 19.899243 
-71.414110 32.627826 
-81.532506 37.796787 
-91.818073 34.510455 
-92.520766 25.676784 
-102.272727 20.690838 
-111.288465 20.756988 
-119.344287 20.256012 
-114.429747 11.574927 
-119.422843 4.462479 
-126.406184 -0.349713 
-128.702989 11.098206 
-133.573461 20.290410 
-125.830905 23.540139 
-133.262590 29.875104 
-135.722734 37.305954 
-128.066398 40.092633 
-121.198496 43.579620 
-125.911856 50.105097 
-135.388871 45.890901 
