-37.249914 -89.681319 
-40.276236 -85.013334 
-36.307242 -81.249840 
-32.649598 -82.959156 
-28.254294 -82.344402 
-25.144147 -80.036649 
-30.235438 -77.468706 
-33.987924 -74.792718 
-37.680535 -72.008685 
-34.031513 -67.661748 
-38.908212 -67.462857 
-42.424072 -64.294713 
-37.990448 -61.778808 
-33.052916 -61.849368 
-29.291808 -64.380267 
-29.216126 -69.156297 
-27.049130 -72.502164 
-24.257518 -75.835683 
-20.076806 -75.168891 
-15.950221 -76.332249 
-10.906830 -79.732800 
-5.915171 -77.912793 
-6.656184 -72.929934 
-10.952814 -74.926341 
-14.453825 -71.611785 
-20.190808 -70.283934 
-23.246349 -67.129461 
-24.334637 -62.410761 
-27.666561 -58.515408 
-22.205003 -56.722743 
-17.063896 -58.706802 
-18.687227 -63.322308 
-15.130652 -67.029795 
-9.893745 -67.644108 
-5.579392 -68.468337 
-1.171155 -69.880419 
3.269654 -71.187102 
4.623308 -75.224457 
-1.309586 -75.031740 
-1.031287 -79.611084 
3.750570 -79.848342 
8.103243 -78.809346 
11.315896 -75.841857 
16.006264 -75.503169 
18.927685 -70.447545 
14.093138 -70.771680 
9.565151 -71.956647 
7.420668 -68.319279 
3.923010 -65.740311 
-1.319166 -64.775844 
-5.716386 -62.362251 
-11.714424 -62.362692 
-12.703559 -56.739942 
-15.894657 -52.705233 
-20.777104 -51.465582 
-18.438147 -46.435536 
-13.060893 -48.259512 
-13.207946 -43.059681 
-7.894399 -42.657930 
-7.304750 -47.973744 
-8.963527 -52.567641 
-7.917870 -57.431871 
-3.216964 -56.939274 
0.285963 -59.219244 
4.097845 -61.092612 
9.292121 -61.126128 
10.953293 -65.239335 
14.962523 -66.415482 
18.614898 -64.283688 
15.283932 -60.592959 
12.161331 -56.249109 
6.931130 -56.354949 
2.392126 -53.785242 
-2.765267 -52.217928 
-1.140978 -48.087963 
-2.487926 -43.824375 
2.758561 -42.269850 
3.801344 -47.343996 
6.504341 -50.698683 
10.640506 -50.621508 
15.242738 -52.422552 
18.398869 -48.406806 
20.483477 -44.170119 
24.813637 -46.366299 
28.855918 -43.278417 
33.773811 -42.292782 
32.015881 -37.513224 
26.818252 -37.099566 
24.256560 -40.515993 
18.530594 -39.667950 
14.552499 -42.025536 
13.867529 -46.609290 
8.606193 -44.835147 
8.408845 -40.367817 
12.237492 -37.055466 
16.130804 -34.132077 
21.047739 -35.877555 
21.053966 -31.670856 
25.880370 -31.656303 
30.413147 -32.809959 
32.878560 -29.008980 
37.652753 -27.137376 
38.810975 -22.715028 
39.882019 -18.351774 
35.017295 -18.519354 
36.487825 -13.861512 
36.151088 -9.175005 
39.144359 -5.363001 
36.301973 -2.296287 
32.515478 -4.768092 
30.574091 -8.759142 
26.202258 -9.421965 
21.531529 -11.558610 
25.932102 -14.747922 
31.048780 -14.231952 
29.322464 -19.462212 
33.213860 -23.474871 
28.829094 -25.918893 
24.096095 -26.791632 
19.690732 -27.503847 
15.603425 -27.083133 
17.666478 -22.255065 
23.775644 -22.512609 
23.807258 -18.612846 
19.633731 -16.500015 
15.032457 -17.660286 
11.800165 -20.823579 
6.715101 -21.345282 
2.593785 -24.501078 
-1.933244 -24.946488 
-7.256850 -25.096869 
-7.199370 -30.160872 
-2.892202 -32.626503 
1.706198 -31.073301 
5.823203 -28.095228 
10.680742 -26.016795 
13.018741 -30.586878 
8.755641 -32.181534 
6.084258 -35.979867 
1.342637 -37.338588 
-3.492389 -38.665998 
-8.143000 -36.744561 
-13.384218 -37.485441 
-12.721282 -32.429376 
-13.741073 -26.698581 
-18.814641 -29.700468 
-24.682870 -30.061206 
-30.744136 -27.785205 
-36.955329 -28.527408 
-43.827542 -30.297582 
-49.899825 -25.817022 
-42.484905 -22.716792 
-36.545305 -18.349569 
-31.277742 -20.909574 
-25.183904 -22.827483 
-19.812398 -22.905981 
-15.355303 -19.456920 
-10.638111 -21.507129 
-4.452305 -19.042821 
1.682248 -18.856278 
2.220165 -14.142870 
2.029523 -8.345043 
7.851768 -9.317007 
8.712052 -15.412068 
14.697636 -12.584817 
12.831931 -7.010577 
18.167033 -7.557858 
22.866502 -4.697532 
27.822236 -1.853523 
32.970528 1.258614 
33.554429 5.965407 
27.234024 5.579532 
22.500067 1.783404 
16.804757 -1.465002 
9.866442 -1.983618 
2.959262 -2.410065 
-3.432514 -3.994578 
-9.918174 -7.626213 
-3.734763 -11.376477 
-8.804020 -15.253308 
-14.073978 -13.187223 
-20.467670 -14.736015 
-26.406312 -15.177456 
-30.759464 -10.697337 
-23.915991 -6.114906 
-17.327825 -7.690599 
-15.499961 -0.714420 
-8.094142 -0.543753 
-8.695766 5.661999 
-1.309586 4.616829 
5.381086 3.530646 
11.799207 5.052096 
17.094073 5.238639 
21.024747 9.483705 
25.227014 13.074327 
31.241338 11.186406 
37.469775 10.219734 
37.012809 14.516397 
38.447893 19.071927 
32.983461 18.436446 
28.349136 17.366139 
25.758225 22.604778 
19.331482 24.644844 
19.844970 17.273529 
13.963329 13.693491 
7.542334 10.339245 
0.894772 12.276999 
7.050401 18.475695 
12.378797 22.875111 
11.819804 30.694041 
18.275766 32.645466 
24.302065 30.533958 
29.935584 29.068956 
32.577748 24.170328 
37.894648 24.628968 
42.207085 27.262620 
45.380460 29.995056 
49.436632 29.537739 
53.481787 29.696058 
57.153322 27.312453 
55.107992 23.450616 
52.297220 19.396062 
49.122408 24.068457 
43.104252 21.967974 
46.797342 18.497304 
42.470535 14.990031 
46.782972 12.522195 
51.187856 14.393358 
55.740272 16.043139 
58.440874 13.126365 
62.669965 13.514886 
67.109337 14.555646 
71.466321 15.049566 
75.023854 16.100910 
78.373980 18.099081 
73.948499 21.051576 
69.028211 19.702557 
64.026493 19.000044 
58.982623 19.286253 
61.070584 23.280831 
65.516183 24.007158 
70.070515 24.518718 
72.842009 27.814752 
76.627546 26.376651 
78.419485 22.674015 
82.645223 22.820868 
83.015969 19.293309 
86.468601 18.468639 
86.758875 14.255325 
90.902225 16.724925 
94.211157 19.501020 
98.543712 18.327078 
96.220083 15.644475 
93.621508 13.389201 
90.063975 11.785725 
86.061930 9.052848 
82.753956 11.007801 
81.821343 15.206562 
78.488461 11.847465 
74.916558 10.841985 
70.685551 9.947637 
68.736979 6.528564 
64.935156 9.049761 
60.140366 7.838775 
63.946979 3.680586 
59.869731 0.996219 
59.445337 -3.203865 
62.031458 -6.783903 
57.770274 -9.810927 
60.888085 -12.694626 
64.981140 -11.737215 
67.233398 -7.998417 
66.575252 -4.247271 
65.900820 -0.783216 
69.166642 2.327598 
73.405313 3.284127 
75.936828 6.135192 
79.973361 6.813450 
83.387673 4.745601 
87.419895 4.889367 
90.893603 7.462161 
94.135475 9.374337 
97.715521 11.888919 
101.511117 11.503926 
105.337848 11.002068 
109.373423 9.218223 
105.888219 6.588540 
104.500077 3.161529 
107.619325 2.230137 
110.375012 4.687389 
113.820938 6.817419 
113.563715 10.320282 
117.002935 11.589480 
116.234140 14.615622 
112.604757 14.602392 
108.999803 13.375089 
109.208168 17.540334 
106.508524 19.508517 
105.286595 15.504678 
101.315206 15.002820 
102.252130 18.247257 
103.201029 21.003507 
99.388668 22.065876 
96.228226 23.507505 
93.392546 25.618131 
91.507202 22.667400 
89.079151 20.786976 
86.657806 24.004512 
89.726280 26.504982 
89.601740 31.121370 
92.931748 29.387358 
94.197266 32.500818 
98.606940 33.400458 
96.005970 36.000153 
93.195198 38.686284 
90.895519 35.593551 
86.896827 34.942635 
84.943944 38.342304 
88.511057 39.502575 
90.633027 42.433461 
94.394614 42.774795 
98.604545 43.400133 
102.392477 44.385327 
100.395526 47.388537 
97.507635 49.716135 
96.080215 46.355715 
93.005993 48.403719 
89.953326 46.555488 
86.127553 47.588751 
86.064325 43.158465 
81.831881 45.861795 
77.134328 44.730630 
74.237336 48.012993 
73.182578 51.757965 
69.775451 53.372025 
65.574621 54.975060 
61.550063 53.882262 
57.212239 53.475219 
59.330377 49.051107 
64.075351 46.817883 
65.627311 50.580495 
69.071321 47.636379 
71.862933 44.173647 
74.392053 40.799556 
78.453494 40.761189 
82.151374 41.602176 
81.149785 37.538802 
81.961690 34.063281 
84.828026 31.506363 
86.015467 28.254429 
81.964564 26.689761 
79.829661 30.302874 
75.869289 31.946922 
77.518486 36.006327 
73.350228 36.064098 
69.988606 38.705247 
67.625699 42.616476 
63.300329 42.621768 
58.993161 43.773219 
54.579655 45.999828 
53.990964 41.260842 
56.823291 37.630971 
60.885690 38.555307 
65.020418 37.750482 
67.776584 34.051815 
71.126231 31.707459 
66.849240 28.997514 
61.949070 28.092141 
62.835699 32.991210 
58.276098 32.540508 
53.582856 34.575282 
50.487079 37.408266 
46.618675 35.156961 
41.373625 33.533640 
35.820099 30.466044 
36.519439 35.963109 
29.780867 35.758926 
32.650556 41.343309 
37.683888 41.405931 
42.230077 38.899287 
46.830393 41.159412 
49.641165 44.753121 
44.655254 47.179944 
41.293632 44.340786 
38.471843 48.920571 
34.223113 47.154807 
28.739042 47.150397 
26.376614 42.472269 
22.508689 38.206917 
14.883009 40.405743 
20.147219 46.055394 
13.679761 49.976325 
18.976543 54.928755 
24.855310 51.739002 
31.074646 52.721550 
31.090932 58.203621 
24.524321 59.280102 
16.305639 61.826877 
21.934368 66.224529 
18.182361 71.781129 
25.232762 73.665963 
29.160562 69.128955 
29.381381 63.731115 
35.440731 65.651229 
41.188731 64.075977 
45.779467 64.470231 
50.092383 65.432052 
48.731065 69.821325 
44.350131 71.762607 
40.325094 69.336225 
34.981849 71.353359 
32.175867 75.864789 
28.125922 79.794540 
21.677624 79.971822 
26.043230 85.583547 
27.808824 91.372113 
32.072403 87.983028 
36.527582 86.377788 
34.188146 81.651150 
40.167503 80.049438 
38.773134 75.451131 
44.911040 77.112819 
48.983019 74.631312 
51.399574 77.386239 
53.433408 81.125037 
49.245032 81.653355 
45.050429 82.528740 
40.863011 84.868245 
39.893036 89.696313 
44.613102 88.152813 
48.897278 86.678550 
52.338414 89.126541 
54.083411 85.648815 
57.184936 82.623996 
58.860478 79.158177 
61.948112 80.299485 
65.900820 78.420384 
69.275375 75.676041 
71.434707 78.430527 
69.420033 81.891495 
65.408408 82.399527 
66.946477 85.735251 
69.925857 87.085593 
69.073237 90.262557 
66.666741 92.533266 
64.590755 95.832387 
63.338649 98.505288 
62.279580 101.632419 
63.913449 103.811400 
62.500878 106.771833 
66.473704 106.852536 
67.944713 103.311306 
66.785533 99.716715 
68.509933 96.505794 
71.324058 93.873465 
73.131804 97.596828 
70.951875 100.750860 
75.537342 101.662407 
73.164376 103.918122 
73.627090 107.519769 
70.405336 106.921332 
68.408385 110.594421 
64.597940 111.109509 
60.939338 112.637574 
60.342025 109.490598 
56.475537 110.348784 
58.093599 106.766100 
58.764199 103.436109 
59.136861 99.406251 
56.225499 96.362910 
59.508086 95.004189 
62.821329 93.455397 
61.578803 90.640494 
64.186958 88.243218 
61.761302 84.446649 
58.900714 87.065748 
56.970344 90.501579 
53.832894 93.178008 
52.477803 97.134660 
48.915480 95.292162 
48.929371 91.588203 
44.170985 93.314277 
39.548156 93.662226 
34.914789 92.746710 
31.288759 96.328953 
35.079565 100.928142 
37.441514 97.567281 
41.843045 98.053263 
46.025194 98.997003 
50.189141 100.325736 
54.763112 100.624734 
54.536545 104.648418 
52.759934 108.373986 
50.347211 104.675319 
45.921251 103.422879 
41.268724 102.782106 
38.354967 105.208488 
42.791465 108.478944 
46.658432 107.423190 
49.268503 110.042730 
46.976009 112.783545 
52.328355 112.684320 
52.509896 116.234370 
56.782097 114.492420 
57.451739 118.690740 
60.822462 116.850447 
64.512199 115.753680 
62.927188 120.653190 
66.968990 122.120397 
68.022790 118.625472 
71.570743 116.733582 
68.576514 114.365412 
72.314151 111.802761 
75.671462 113.729931 
75.510997 117.279981 
77.509864 120.494430 
73.136594 120.584835 
70.515985 123.513516 
74.548207 124.343478 
78.295903 124.997922 
80.614263 122.908023 
84.502785 122.697666 
83.264570 126.044856 
88.032536 125.801865 
87.693404 120.795633 
91.128313 122.040135 
92.635726 125.903295 
95.801916 124.249104 
98.935534 125.482581 
102.554379 124.003467 
99.805877 121.181949 
99.502191 117.496953 
95.718091 116.499411 
95.502062 120.496635 
91.878906 118.118763 
91.201600 114.197832 
87.718312 116.350353 
84.503743 117.815796 
81.649382 119.424123 
79.473285 116.459721 
81.008001 113.539419 
84.338967 112.987287 
88.290238 112.351806 
86.720076 108.915975 
89.917880 108.661077 
91.885612 107.992521 
93.455295 105.817068 
95.800000 104.000148 
99.647807 104.778072 
97.182873 107.175348 
99.339331 109.730502 
94.429581 109.851777 
94.461674 113.152221 
98.002921 113.161923 
101.157136 113.460480 
104.149928 114.994719 
103.580397 117.914139 
104.935009 120.632904 
106.636896 123.880869 
110.803717 122.676057 
108.503559 119.281680 
108.171133 116.164251 
109.999955 113.583519 
112.335559 116.495883 
112.847610 119.457639 
115.610003 121.325715 
119.731798 119.460726 
116.498069 116.989362 
119.990458 115.420284 
123.633253 116.870733 
127.573028 115.444539 
129.701704 112.499541 
125.908503 112.354011 
122.592386 112.395024 
118.375270 112.007385 
114.617036 113.385510 
111.665917 111.082167 
115.387747 109.609668 
112.213893 107.641044 
110.214547 105.065604 
106.459666 106.153551 
107.928280 109.348596 
106.497986 112.500864 
103.668054 110.497401 
102.790526 107.420985 
102.857107 103.285728 
106.370572 103.091688 
109.353305 100.647666 
112.531470 101.467485 
115.211475 99.355977 
118.501247 97.663419 
115.282367 95.500755 
111.588319 96.294114 
108.500206 94.800006 
108.384767 91.846188 
109.230681 88.923240 
107.571425 85.928409 
104.468942 84.334194 
101.502495 82.712637 
99.003073 83.545686 
96.602804 82.297215 
95.198855 80.303454 
91.625036 81.249840 
88.214077 83.571264 
87.336070 80.502345 
84.300168 79.600059 
85.441146 76.382523 
81.240795 77.771673 
80.256929 80.748864 
83.334025 82.755855 
84.771504 85.621473 
80.839393 86.417478 
79.669196 83.889225 
76.615571 85.615299 
77.461485 89.153883 
78.616833 92.379357 
81.450118 94.333428 
81.098532 97.371918 
83.930859 97.863192 
87.233564 97.231239 
89.620421 99.073296 
91.924411 95.381244 
93.670366 97.918317 
97.672411 97.251966 
96.336480 94.497921 
93.999918 92.072421 
90.931923 90.352962 
89.073882 93.290022 
85.714176 93.642822 
82.801856 91.994805 
81.587591 89.247375 
85.501979 89.493453 
88.231800 87.617880 
91.082329 85.841973 
94.933968 84.862953 
93.599474 87.704316 
96.596098 89.069652 
100.119622 87.292863 
104.337217 88.249392 
105.091163 91.636272 
102.002571 91.314342 
98.918290 91.670229 
100.585210 95.088420 
104.500077 95.285547 
107.454549 97.636518 
105.333537 99.916488 
102.081606 98.168805 
100.232666 100.616355 
96.999895 100.833327 
93.505590 101.284470 
90.504176 103.001283 
87.616764 104.621958 
86.154856 101.229345 
83.220023 103.212963 
84.314059 106.456959 
81.829965 108.761184 
78.936805 111.206529 
76.083881 109.606140 
77.503637 106.209999 
79.771702 104.231232 
80.279442 101.087343 
78.095202 99.271746 
77.459090 96.388929 
75.300237 94.299912 
74.163570 91.227906 
73.392859 88.152372 
72.794109 84.572775 
73.679301 81.506502 
77.092176 81.638361 
75.582368 78.439347 
77.539562 75.672072 
80.943815 74.278071 
81.365814 70.576317 
80.818317 67.503429 
76.504922 67.720401 
76.730531 71.395254 
73.626132 74.446092 
70.821108 71.945181 
71.957775 68.601078 
73.434532 65.432934 
70.607474 62.966862 
67.066227 64.348074 
67.311475 68.424237 
65.857231 71.677494 
65.512830 75.003075 
62.005592 75.021597 
58.779527 74.958975 
55.517058 77.010948 
53.664286 72.832032 
54.339676 68.404833 
57.600229 70.610715 
61.455221 69.973470 
63.069451 66.019023 
59.069322 64.744092 
54.283633 64.176525 
51.537526 60.382602 
47.679181 58.206267 
42.875769 58.470867 
37.001313 60.304104 
36.543868 54.710019 
41.019165 53.256924 
45.277954 52.759917 
48.538028 50.285025 
52.929021 50.094072 
51.638116 54.652689 
55.299113 57.269142 
57.492933 60.621183 
61.298109 58.447053 
63.765438 61.479810 
67.140472 59.012856 
70.678366 57.852144 
74.077829 57.749832 
76.347810 55.748133 
77.827920 52.507224 
78.698263 48.883527 
81.943967 51.131304 
84.839043 51.165702 
87.800221 51.933483 
91.005689 52.002720 
94.341445 52.331706 
98.004837 53.095077 
97.951668 56.315700 
96.504609 59.500161 
93.427034 56.895174 
89.507377 55.716381 
88.945510 59.239530 
84.005583 59.657157 
85.444020 55.753866 
81.158886 55.818252 
79.003386 59.649660 
75.015232 61.503624 
77.940964 64.274868 
81.360066 62.792667 
84.161258 64.926666 
86.619965 62.624205 
90.434721 62.934669 
93.650727 61.833492 
96.391086 64.618407 
99.166412 62.468973 
100.585689 59.755941 
102.648742 57.284577 
102.152019 54.072333 
101.876594 50.935500 
104.505346 47.997999 
107.341026 44.736804 
105.470531 41.667885 
102.293324 40.354146 
98.126024 39.590334 
101.146598 36.803655 
102.822140 33.501447 
105.156786 36.999900 
108.285614 37.499994 
109.391146 41.387409 
111.850811 39.158595 
115.273266 39.669714 
118.732125 37.069137 
121.933282 38.733471 
123.064680 35.404803 
126.810939 37.688742 
128.066398 34.400205 
124.666456 32.249889 
121.538586 30.692277 
119.063593 32.711616 
116.234140 34.845615 
113.249970 35.750106 
110.315616 34.383006 
107.504844 32.500377 
111.083932 30.539250 
114.671163 31.462704 
113.899973 28.200186 
112.470158 24.871959 
109.287682 27.499437 
105.648240 27.288198 
105.004943 30.454578 
102.092623 29.634318 
98.674000 29.917440 
96.473953 27.671427 
100.586168 26.438391 
102.829325 24.185322 
106.001742 23.502213 
109.147335 23.290974 
111.618017 20.622924 
113.669095 18.083205 
116.278208 20.271888 
118.073021 17.642646 
120.564300 14.256648 
124.497848 14.503167 
128.664190 14.737779 
127.614222 11.081007 
131.384431 12.384603 
134.708691 11.363247 
138.153180 11.390148 
141.175670 12.183948 
143.384818 14.467887 
143.052392 18.411309 
146.350786 15.789564 
148.759198 18.178020 
147.755693 22.009869 
151.605416 20.947941 
154.636049 19.497492 
157.205405 21.650454 
155.328683 24.872400 
151.051692 25.317369 
152.492524 28.503594 
156.711556 28.504035 
160.390276 28.603260 
160.494698 32.170509 
157.536873 33.005763 
154.456903 31.690260 
151.381244 32.533452 
150.927631 35.716590 
147.532000 37.697121 
144.427122 36.288126 
142.413406 34.001541 
139.492943 32.820543 
137.004059 30.255687 
138.851083 27.573084 
142.183965 27.506934 
144.125352 30.440466 
147.437158 32.886693 
148.181045 28.688814 
146.217624 25.643268 
144.001291 23.062977 
141.069332 21.309120 
138.926765 23.728887 
135.055966 24.765237 
133.862777 28.466550 
130.768437 26.000037 
126.335771 25.205355 
128.598088 22.401477 
132.284951 21.506247 
135.920561 20.614986 
138.210660 18.351774 
138.926765 15.203916 
134.470628 15.536430 
132.234177 17.768331 
128.495103 18.507006 
124.998403 18.504360 
121.563015 18.747351 
123.810962 22.192443 
119.496609 23.009616 
115.642096 22.913037 
116.335209 26.081622 
118.424128 28.431270 
121.874844 26.312706 
125.002235 28.502271 
128.309251 30.060324 
131.358086 31.426101 
134.736952 33.204213 
131.939592 35.870058 
132.257169 39.312504 
128.913270 40.586553 
125.399805 41.596884 
121.400155 42.399945 
118.067752 42.203259 
115.790586 44.784432 
112.432317 43.427916 
111.335886 46.499481 
108.417818 48.244518 
107.002852 51.153795 
107.004768 54.002214 
106.651266 57.416877 
110.757733 58.375170 
111.502099 54.503190 
111.501620 50.714118 
114.720979 48.499857 
118.267495 48.062385 
121.588881 46.943127 
124.582631 45.086076 
125.498000 48.334482 
127.818276 49.909293 
128.751847 53.249868 
125.817014 53.822727 
123.261549 51.669765 
119.600073 51.599205 
115.507497 52.500168 
115.250753 56.626605 
114.947067 60.124176 
115.717299 63.498267 
114.235273 66.615255 
111.005855 66.500154 
111.258767 62.687709 
107.500054 61.777926 
103.852948 61.540227 
102.003529 64.802304 
104.909143 65.363697 
107.845892 66.538521 
105.384790 69.384735 
101.916351 68.668992 
99.232035 66.847662 
96.084526 68.465250 
94.215947 71.430093 
90.471125 69.739299 
92.738232 66.675231 
88.509141 66.293766 
85.288345 68.511555 
84.726478 72.504369 
88.001401 71.851248 
89.646766 74.719953 
89.643413 77.910147 
93.999918 77.615559 
93.233039 74.622492 
97.268135 74.334960 
99.339331 71.471106 
103.382091 72.389709 
101.386577 75.386304 
98.629453 78.248394 
102.815913 79.126866 
106.703477 80.884251 
110.232749 81.388314 
111.333491 84.466494 
114.667331 85.914738 
112.727381 88.091073 
112.626312 91.751373 
116.305511 91.926009 
117.599769 88.868556 
121.611873 89.849340 
120.629444 86.909634 
121.363751 83.909070 
124.340736 85.750245 
125.615355 82.615176 
128.384933 80.076780 
131.782480 79.142301 
132.051678 75.764682 
133.214211 71.785539 
129.846362 72.461592 
126.839200 73.999800 
127.000144 76.846014 
124.416897 78.999858 
121.751262 80.581284 
118.542920 81.366705 
117.386614 84.386673 
114.615599 81.384786 
113.205423 78.333507 
117.329613 78.248394 
120.415331 76.997277 
122.667110 75.077163 
124.153447 71.544753 
121.094553 71.369676 
118.538609 72.846144 
116.230787 74.769345 
112.442376 74.376855 
109.499879 76.999923 
105.462388 76.617135 
106.924775 73.698597 
108.935617 70.872669 
112.001217 70.502229 
115.160701 70.538832 
118.075416 68.573295 
119.336144 65.332386 
122.499939 67.375098 
125.769114 66.076794 
127.000144 69.499836 
130.121308 67.999113 
132.195857 65.499966 
135.363484 65.090718 
134.833231 67.999995 
138.727501 68.667228 
136.363636 71.090964 
137.142969 74.071242 
136.930772 77.184261 
140.615240 78.616188 
139.196442 81.800208 
135.538319 80.384598 
133.642916 82.857285 
129.615484 83.384721 
131.494122 86.502150 
127.769418 86.846130 
125.283887 89.499186 
123.500091 93.285612 
119.602468 93.602250 
121.500266 96.833457 
123.692170 99.076824 
126.207399 102.359187 
123.791323 104.999895 
121.294296 102.117519 
118.000213 101.999772 
115.002152 104.642244 
118.201872 106.658055 
120.855532 108.346644 
124.001125 108.493056 
126.910571 108.634176 
128.780108 105.431634 
130.489180 108.497466 
133.144277 111.218877 
136.376090 108.982125 
134.712044 106.568532 
132.767783 104.229468 
130.531332 101.335185 
127.727266 98.995680 
126.146566 95.767119 
127.642962 92.428749 
130.400086 90.866727 
133.713808 89.493453 
137.165482 92.085651 
136.497756 94.998456 
133.361743 93.457602 
130.500197 95.999967 
134.060604 97.807185 
134.416501 101.083374 
137.072556 102.618495 
140.064869 105.488082 
140.074449 101.745315 
144.932467 101.180835 
142.594947 100.092447 
142.629435 97.541262 
138.455429 98.144550 
140.331193 94.916871 
142.538904 93.001608 
145.181068 94.454703 
147.330341 96.764220 
150.439530 94.344012 
149.067674 91.419300 
146.103143 91.204533 
142.909171 89.636337 
140.083071 89.833464 
137.245954 88.580583 
135.272953 85.818159 
138.762947 85.229424 
141.995718 85.494906 
143.598452 81.598230 
147.381594 82.377477 
145.581033 85.081689 
145.636118 87.912468 
149.491589 87.500133 
152.575870 90.572580 
153.584644 87.228036 
155.924080 84.740796 
151.056482 83.733993 
150.455816 80.153073 
146.746440 78.670872 
143.999854 76.933332 
141.583299 74.833290 
141.306437 71.998542 
141.909498 68.635476 
145.199749 70.666722 
146.995041 73.500147 
148.915352 76.331367 
151.797495 76.495419 
154.621200 78.094926 
154.497618 81.276300 
158.077664 80.817660 
158.906813 77.313915 
161.263493 74.136069 
157.907140 73.631124 
154.697840 74.487987 
151.200182 73.000053 
153.988920 71.088318 
152.762201 68.003964 
149.576372 70.249536 
148.351090 67.286898 
144.714043 66.500154 
142.082896 64.334403 
138.851562 64.284570 
136.080068 61.663266 
132.685874 61.058655 
129.909111 63.363762 
126.714181 62.928495 
123.235204 61.941096 
119.499962 61.999749 
119.692520 59.000067 
119.136401 55.337121 
122.687707 56.500038 
126.058909 57.764826 
128.749931 59.666859 
130.545702 57.181824 
131.908936 54.364275 
133.160563 51.581124 
131.200974 49.602798 
130.500197 47.000016 
128.230216 44.851023 
131.618183 43.619310 
134.748448 42.581196 
138.282510 43.498035 
137.000227 39.625173 
136.538471 36.076887 
140.275150 37.498230 
141.620182 41.001975 
145.283574 40.496148 
148.491916 42.714378 
144.461610 44.153802 
141.495163 45.997623 
138.378789 47.386773 
134.499847 46.499922 
135.818055 49.727160 
139.638080 50.716764 
136.644330 53.787447 
134.641152 57.000132 
138.153659 59.461353 
139.632811 56.906199 
140.359454 54.092178 
143.497383 52.801371 
145.000006 55.452222 
143.326859 57.662073 
141.788790 60.710706 
145.356861 62.214516 
148.707945 63.643356 
152.260209 64.469349 
155.455139 63.690543 
159.834636 63.766836 
158.001503 66.497508 
156.354701 69.267870 
159.637767 70.214256 
162.998431 70.328916 
162.429379 66.952179 
164.523088 64.550052 
162.562541 61.424244 
165.749328 59.311413 
163.065012 57.155364 
159.477781 57.057903 
158.289861 60.503877 
154.464088 59.883831 
150.997565 59.691114 
147.600018 59.400054 
148.219844 55.765773 
150.687652 53.461548 
152.685561 56.074914 
155.805767 54.932283 
158.401947 51.929514 
161.593045 53.065971 
165.769925 54.297684 
167.337692 50.704416 
163.988045 49.668066 
160.494219 48.286854 
161.146138 44.467353 
164.242873 45.598077 
167.404273 46.605321 
167.456005 42.604128 
164.063248 41.616729 
161.986304 39.004245 
159.056740 40.857327 
155.448912 41.996871 
157.424787 44.641107 
155.990182 47.496582 
155.076250 50.582259 
151.642778 50.285907 
147.393090 51.402078 
143.333565 49.919877 
145.366920 47.643876 
148.068480 46.867716 
151.401362 46.605321 
152.571559 43.214031 
150.714476 39.499929 
154.531627 38.734794 
155.692723 35.927829 
159.381023 36.624168 
163.061180 34.162506 
164.575778 36.833202 
167.448341 38.607786 
167.483308 34.016094 
164.270176 30.643326 
167.150882 28.880649 
166.477887 24.259851 
163.300680 25.932123 
159.619086 24.445071 
162.612357 21.618261 
165.544795 20.052711 
163.955473 16.624377 
160.119162 18.680760 
156.993208 16.499574 
153.494113 15.190245 
150.249846 13.937364 
147.922385 11.469528 
144.817028 10.825227 
142.609317 8.551872 
139.906320 7.369992 
137.002622 7.310016 
133.995460 7.507584 
130.596955 8.409870 
130.500676 4.719582 
128.056818 1.236564 
127.996464 -2.497383 
128.105676 -6.409935 
132.994350 -6.609708 
133.051351 -2.761542 
132.333330 0.874944 
134.363811 4.094685 
136.273584 1.916586 
139.525994 3.343662 
143.058140 4.240656 
146.065781 1.861902 
143.836994 -0.411012 
145.420568 -3.355569 
149.235324 -2.498706 
150.055851 0.724122 
153.095106 3.590622 
148.864578 4.539654 
146.466704 7.337358 
150.875420 7.960050 
153.206713 10.649709 
156.879685 12.073698 
160.377343 14.385861 
163.728906 12.406212 
160.912386 10.160640 
161.017287 6.454917 
155.989224 7.511112 
157.678657 3.880359 
159.841821 0.882000 
156.085024 -0.090846 
153.263235 -2.328480 
156.703413 -4.655637 
155.034577 -8.563338 
151.655232 -6.615882 
147.183767 -6.500781 
149.456143 -10.117863 
153.168872 -11.677239 
151.406152 -14.564025 
150.444320 -18.188604 
146.704767 -18.485838 
147.702524 -14.487732 
143.779035 -16.351398 
140.402085 -18.640629 
140.395858 -22.393098 
144.254203 -21.310443 
148.491437 -22.072491 
145.773591 -25.394103 
141.871178 -25.990335 
143.312968 -29.583603 
141.504743 -33.109839 
138.051632 -31.752000 
138.229820 -27.630855 
135.774945 -25.347357 
136.442192 -21.676473 
133.306179 -19.794726 
129.103433 -19.095300 
126.857881 -22.462776 
130.989735 -23.525586 
131.720210 -27.626445 
133.948997 -31.034493 
129.375026 -32.366754 
125.434293 -30.660525 
127.438908 -27.163395 
124.002562 -25.431588 
120.750152 -27.150165 
116.187677 -26.500131 
114.594523 -23.463405 
117.680720 -21.408345 
121.555830 -22.109094 
124.504554 -18.764550 
120.308035 -17.868879 
117.328655 -15.264774 
114.684575 -17.681013 
110.294061 -17.699976 
112.197607 -20.795796 
109.785842 -23.642892 
106.442422 -26.101908 
103.398377 -28.927395 
99.599428 -29.392209 
100.403190 -33.401781 
103.826124 -33.994926 
107.058416 -35.823312 
108.500685 -39.497724 
105.250670 -41.132070 
102.747895 -38.808441 
99.567814 -37.570554 
95.936994 -35.596638 
96.771891 -32.383512 
92.412033 -32.888457 
88.587697 -32.114061 
89.315777 -36.631665 
92.523640 -38.837106 
96.384380 -39.379095 
99.793423 -42.368193 
103.779182 -44.933931 
108.584031 -43.877736 
112.600446 -44.755767 
116.373529 -45.551772 
118.803496 -48.803706 
120.816254 -45.511641 
124.846081 -46.813032 
128.275242 -43.477749 
124.322534 -41.993343 
120.490055 -41.494131 
116.490884 -41.499423 
112.600446 -40.597578 
111.934636 -37.122939 
111.120336 -33.580827 
107.749134 -30.743874 
110.886105 -27.050940 
113.218356 -30.051063 
117.535583 -30.124710 
120.840204 -31.991022 
115.940992 -33.762960 
116.496632 -37.493820 
120.759253 -37.203642 
123.994898 -34.633935 
126.213626 -38.202066 
129.397060 -36.460116 
133.006325 -35.982513 
136.143296 -35.448021 
139.423488 -36.838053 
136.155271 -39.898593 
131.227798 -40.731642 
134.359979 -43.869798 
131.101821 -47.280933 
127.630029 -49.756266 
127.067204 -53.452728 
122.084167 -51.421482 
123.196884 -56.232351 
120.957559 -60.140493 
117.421581 -62.837649 
114.997362 -65.923326 
109.222538 -65.938320 
112.457225 -69.553197 
108.479130 -71.431857 
103.775829 -69.780312 
104.156155 -65.652552 
102.665986 -62.326089 
107.082845 -61.540227 
111.908291 -61.319286 
115.741249 -58.915836 
118.278512 -55.834569 
116.614466 -52.531038 
113.934940 -49.892094 
110.372617 -48.246282 
106.239326 -48.240108 
106.188552 -52.859142 
110.463627 -52.996293 
112.890720 -56.097405 
107.981928 -57.355578 
103.243181 -57.936816 
98.806204 -58.935240 
94.254267 -58.365909 
92.424966 -54.762498 
89.286079 -52.585281 
85.703159 -54.590949 
88.997721 -57.999879 
91.192978 -61.681788 
90.879712 -65.286081 
94.356773 -67.241916 
95.655342 -62.604801 
99.370466 -64.108170 
98.830154 -67.656015 
98.623226 -71.744967 
101.692658 -74.234853 
106.286747 -75.336912 
103.306888 -79.092468 
99.724447 -79.122015 
96.114224 -75.980331 
94.322285 -71.670879 
90.339400 -69.999930 
87.064956 -67.263525 
85.080459 -69.846462 
87.050107 -73.104570 
90.942940 -74.895912 
92.113616 -78.868440 
95.705158 -80.858673 
98.376062 -83.940822 
93.772872 -87.683148 
92.268812 -84.253932 
88.926829 -81.922806 
86.942332 -77.900445 
82.938850 -76.336659 
82.056053 -72.253881 
79.062303 -74.121957 
78.491814 -77.496489 
76.681673 -80.812809 
80.053354 -82.584306 
82.666778 -80.265969 
84.998550 -83.093220 
86.369927 -87.067512 
89.710473 -89.904024 
86.496383 -93.315159 
82.824369 -91.375641 
77.771877 -90.860553 
81.415151 -86.850981 
77.736910 -86.451876 
74.864826 -84.609819 
72.337143 -81.267039 
69.945975 -83.873790 
72.408035 -87.668595 
72.913380 -91.595259 
68.167448 -90.983592 
66.950788 -86.630922 
63.888541 -83.943468 
66.846366 -80.291547 
62.504231 -80.284050 
63.056039 -76.405014 
59.353369 -75.638115 
57.530295 -73.268181 
56.711684 -69.642279 
60.266822 -69.533352 
62.941079 -71.251929 
65.794961 -73.202031 
68.064942 -75.739986 
70.675013 -77.787108 
74.499349 -77.248206 
73.046542 -73.599372 
76.778431 -70.939260 
77.936174 -67.185909 
81.738955 -68.503617 
82.629895 -64.261197 
86.790489 -62.997732 
84.260890 -59.580423 
79.861754 -60.530337 
78.380686 -63.998361 
75.696370 -61.934040 
72.265293 -61.198893 
72.894699 -65.578464 
72.882245 -69.293889 
68.727399 -70.316127 
64.764153 -67.294836 
68.230676 -65.395890 
68.128170 -61.933599 
69.529245 -58.137030 
65.333205 -59.000067 
61.570181 -59.565870 
63.125494 -63.407421 
59.932480 -65.864673 
55.957738 -64.684557 
58.277056 -61.113780 
54.004376 -60.001137 
48.947573 -61.631514 
51.119838 -64.439802 
53.600100 -67.933404 
50.180998 -68.936238 
46.252719 -66.946005 
44.062252 -63.412713 
45.019773 -58.693131 
49.372925 -57.430989 
53.340003 -55.342413 
57.624179 -56.050659 
61.913145 -54.908028 
67.291836 -54.941103 
65.700598 -51.770754 
69.501942 -49.789782 
73.532727 -49.645575 
71.828924 -53.722620 
73.713310 -57.121407 
77.396341 -57.405411 
81.562204 -56.442267 
81.773443 -52.498845 
77.180791 -53.001144 
77.502679 -48.498534 
81.495144 -48.496329 
85.002861 -48.992454 
87.924761 -48.495447 
91.501933 -48.772395 
95.482902 -50.714118 
97.341422 -54.250056 
101.775525 -54.271224 
101.542252 -50.186682 
99.539553 -46.780398 
95.350698 -46.469052 
95.063777 -42.689241 
90.809778 -44.134398 
87.886920 -40.551714 
85.665797 -44.128224 
81.664231 -43.988868 
77.752717 -44.685207 
73.507340 -45.504144 
69.583372 -44.896887 
65.584201 -47.355462 
65.371525 -43.282386 
69.110599 -40.097925 
64.961022 -37.691829 
62.063551 -41.015205 
59.757166 -37.300662 
55.627228 -35.968401 
51.105468 -36.239616 
46.878772 -34.685973 
47.792225 -29.803221 
52.068737 -31.432716 
56.097127 -30.385341 
59.874042 -31.835349 
63.912491 -33.100137 
68.078833 -34.667010 
71.850958 -35.108451 
73.507340 -38.501505 
74.181772 -41.761818 
78.655153 -40.525254 
83.047583 -39.190347 
85.102014 -35.235900 
80.627196 -34.563375 
77.667934 -36.772344 
75.855398 -32.946669 
72.574727 -30.378726 
68.315459 -30.589083 
67.812988 -27.003753 
63.293623 -28.061271 
59.011842 -25.918452 
60.931674 -20.962935 
64.788103 -22.883490 
70.016867 -23.209389 
72.775428 -26.407962 
75.715051 -23.153382 
78.397451 -19.671246 
81.587112 -21.367332 
85.064652 -23.779602 
81.234089 -26.003124 
76.912072 -27.705825 
79.606926 -30.606723 
83.861883 -30.682134 
87.253682 -27.497673 
91.498101 -28.497861 
95.359799 -29.280636 
95.505894 -25.498179 
91.472235 -24.471090 
88.660026 -22.116591 
89.154833 -19.068840 
93.189929 -18.808650 
95.484818 -21.463029 
99.500754 -21.497868 
99.782406 -25.499061 
103.312636 -22.937733 
106.667073 -21.265020 
106.497986 -17.495793 
102.704785 -18.110988 
101.002419 -14.492583 
98.339658 -17.733492 
96.012676 -14.994882 
98.011543 -11.357514 
100.656102 -7.996653 
102.935184 -10.930185 
105.603214 -13.595148 
109.468265 -13.349952 
113.411872 -13.112694 
110.840600 -9.148986 
106.585643 -9.110619 
104.005749 -5.636421 
108.600317 -5.120451 
112.412678 -4.869522 
115.389184 -7.998858 
117.291293 -11.405142 
120.763085 -9.754920 
121.705757 -13.876506 
125.067858 -14.060844 
128.406488 -15.114834 
132.495711 -15.492771 
136.294181 -16.756677 
138.996220 -14.488614 
142.617460 -12.931002 
145.997284 -11.051460 
143.065325 -8.595090 
141.933448 -5.395194 
140.856177 -1.359603 
137.359477 -0.642096 
137.651667 -4.462479 
137.802552 -8.066772 
139.069028 -10.853451 
134.527629 -11.364129 
130.580190 -10.888731 
126.274938 -10.272654 
123.335315 -7.255332 
123.227540 -3.386439 
119.279622 -5.154408 
115.999909 -3.419955 
118.786731 -0.046746 
122.998099 0.510678 
123.286457 3.787308 
126.713702 4.939641 
125.667087 8.268750 
122.936308 10.874178 
119.066467 9.268497 
121.620974 6.620733 
118.272285 5.007996 
114.940361 3.193281 
114.356939 -0.285768 
111.151950 0.231966 
108.286572 -1.498077 
104.862680 -1.922760 
102.143397 0.469665 
100.119622 -2.832102 
97.010912 -4.621680 
95.822992 -7.749252 
93.474455 -10.337481 
92.466639 -14.131404 
88.899047 -15.536871 
85.060341 -17.716734 
81.618247 -15.951852 
79.420595 -12.998916 
76.112621 -9.907065 
76.827768 -5.140296 
81.255644 -3.954006 
87.067830 -4.109238 
84.961667 -7.369551 
80.867175 -8.847342 
84.921431 -12.045474 
89.068134 -11.060280 
90.492201 -7.102305 
91.958899 -3.244437 
94.862118 -0.597114 
98.507308 1.996407 
101.222759 4.787937 
101.512554 8.000181 
97.449197 7.106274 
94.834336 3.941658 
91.188188 3.053043 
88.572848 0.109368 
84.562181 -0.237699 
80.652583 1.054431 
76.980569 0.130536 
72.343849 -2.122974 
72.074172 -6.618969 
70.759796 -10.737909 
69.017194 -14.769972 
73.701814 -14.061285 
76.214169 -16.809597 
72.701662 -19.289340 
68.074043 -19.171152 
64.122293 -16.918965 
58.719173 -16.919847 
54.929325 -14.828625 
50.762504 -13.814766 
46.657474 -12.314043 
48.359840 -7.152138 
52.804481 -9.700677 
55.120446 -6.004656 
53.283002 -2.652615 
53.399399 2.024190 
56.460688 4.820130 
54.509242 9.522513 
49.862463 8.346366 
43.446258 8.569071 
39.311051 5.703012 
39.654973 0.833049 
44.014831 2.492532 
48.297570 4.201848 
48.663526 -1.273167 
44.364501 -2.959110 
43.212985 -7.161840 
41.232799 -10.875942 
42.453291 -14.855526 
45.331602 -18.459378 
49.469683 -18.547578 
53.252346 -19.950399 
56.483680 -22.235220 
52.811666 -25.767630 
48.421152 -24.522687 
43.906098 -22.909068 
42.999830 -27.276732 
42.225766 -31.967649 
36.754149 -32.187708 
36.964909 -37.242009 
41.873701 -36.679734 
44.807097 -39.845232 
39.795799 -41.997753 
36.755107 -45.880758 
31.700699 -47.779263 
28.592947 -50.930208 
24.184231 -50.898897 
20.311516 -52.934994 
18.527241 -57.065841 
22.497672 -59.241294 
25.489027 -56.073591 
30.164067 -55.200411 
30.018930 -59.647896 
27.205284 -62.687268 
22.675381 -63.964404 
23.807737 -68.047623 
23.212819 -72.633141 
27.506096 -72.004716 
31.670043 -72.155538 
34.336157 -69.010326 
29.173974 -67.272345 
33.192784 -64.184904 
35.158121 -60.555474 
35.010110 -56.507094 
34.434831 -52.194996 
38.125047 -49.965300 
42.059074 -47.733399 
45.388603 -44.559963 
49.227309 -40.932297 
53.839121 -40.884669 
57.818653 -42.579873 
60.597332 -45.906777 
62.316463 -50.072463 
58.594154 -50.295609 
55.337433 -51.186870 
54.671623 -46.152855 
50.456423 -45.914715 
47.010976 -49.018473 
51.376582 -50.807169 
48.572516 -53.627364 
44.371207 -53.528580 
40.244143 -53.342478 
40.016139 -57.504195 
39.789572 -61.826436 
38.255335 -66.298617 
42.210438 -69.001065 
38.385623 -71.964144 
35.950387 -75.114648 
40.249891 -77.285691 
43.582773 -74.043459 
47.622659 -72.012213 
53.006619 -72.672831 
52.941475 -76.128948 
48.954279 -76.727385 
46.334628 -79.514946 
42.835054 -80.942022 
41.898130 -84.996135 
43.187119 -88.997769 
41.529300 -92.359071 
38.421069 -94.888647 
35.704181 -97.947864 
33.232062 -100.790109 
29.108351 -99.681876 
25.135525 -100.834650 
22.078547 -103.549005 
19.337230 -107.110962 
16.624174 -102.630843 
10.590690 -101.534958 
8.168387 -106.973811 
13.148550 -106.216614 
15.137358 -110.660130 
10.207969 -112.281687 
4.879094 -111.150081 
5.315463 -115.875396 
0.325241 -118.114794 
-0.273509 -113.388597 
-1.722963 -109.338894 
2.344226 -107.104788 
4.896338 -103.139316 
2.784427 -99.264690 
7.336364 -97.612704 
11.790585 -95.736690 
15.761495 -98.122500 
20.404442 -97.639605 
24.956379 -95.869431 
29.925046 -95.222484 
33.580295 -93.125088 
36.754149 -90.190233 
37.508574 -86.598288 
38.051281 -82.237680 
34.850603 -79.645923 
32.126530 -76.994631 
28.572350 -77.380947 
24.585154 -77.099589 
20.583109 -76.154967 
18.431441 -79.807770 
20.958645 -83.451753 
24.709215 -81.510030 
28.280160 -83.711943 
32.826349 -83.449107 
31.675791 -87.874542 
27.959230 -90.576549 
23.098338 -91.948500 
24.054901 -87.077214 
19.000972 -88.169130 
17.803951 -92.935017 
13.005329 -91.104867 
14.095533 -87.099705 
16.003869 -83.601693 
13.054666 -80.234217 
9.963200 -83.688570 
4.997886 -84.335958 
8.009359 -87.735627 
7.765069 -91.702422 
3.342462 -93.986802 
1.491606 -89.210331 
0.347275 -83.874672 
-3.388446 -86.732793 
-5.595678 -82.646928 
-9.821416 -84.358008 
-9.523957 -88.713324 
-4.752159 -90.860994 
-1.989766 -93.994740 
-1.744997 -98.205849 
-1.437000 -102.896766 
-4.688931 -106.137234 
-7.670706 -102.885741 
-7.281279 -99.365238 
-7.187395 -95.208813 
-11.130523 -93.572703 
-14.940968 -92.444625 
-16.234268 -87.980382 
-14.990784 -84.138831 
-16.200259 -80.549973 
-20.585504 -81.091962 
-22.325711 -85.135491 
-22.786509 -90.024417 
-19.438299 -93.220344 
-23.324905 -96.802146 
-18.724589 -98.635824 
-13.710896 -98.060319 
-13.248182 -102.442977 
-10.466150 -106.373169 
-7.247270 -110.390679 
-5.148292 -114.634422 
-10.867552 -116.823546 
-6.006660 -119.338128 
-3.950792 -123.119703 
1.018833 -122.966676 
5.919482 -121.041711 
10.220902 -118.545651 
14.185585 -116.094573 
19.170059 -115.857315 
20.142429 -111.707946 
24.517615 -110.618676 
26.675989 -106.672608 
30.479728 -104.524497 
32.372257 -108.475416 
36.665055 -108.653139 
40.507114 -106.737876 
36.482077 -103.774356 
41.164302 -102.312000 
41.287884 -98.309484 
46.086985 -99.900171 
50.955062 -98.734608 
49.496986 -94.993605 
45.170658 -94.987431 
48.206560 -91.413567 
49.326941 -88.039035 
46.316426 -85.154454 
50.046399 -82.709550 
53.738531 -81.149733 
55.591782 -77.994378 
58.491648 -79.499952 
59.424740 -82.997082 
57.152843 -85.740102 
53.374970 -86.200065 
53.783078 -90.386037 
53.844390 -94.325931 
56.060723 -97.519212 
59.806024 -94.854690 
58.050968 -90.939933 
61.520365 -87.727689 
63.258656 -91.148085 
65.047721 -94.767372 
69.836763 -95.982768 
74.464861 -95.798430 
78.857770 -95.263497 
82.432068 -97.147449 
77.076369 -100.368072 
72.872665 -104.132007 
71.939573 -100.163448 
67.162027 -101.170692 
64.660210 -98.431641 
60.824857 -99.206037 
57.413419 -101.852919 
61.049987 -104.243139 
64.715295 -105.199227 
68.809308 -106.297317 
64.315330 -109.652004 
60.134618 -112.807800 
58.799166 -108.885987 
55.487839 -105.894243 
53.592436 -101.878056 
49.681880 -103.681746 
44.834879 -104.836284 
47.997237 -107.885358 
51.942760 -108.723258 
54.608874 -111.806289 
55.814996 -115.813215 
51.329161 -116.859267 
48.332537 -112.861161 
43.996150 -109.980990 
39.828850 -112.262283 
43.147362 -115.114671 
46.673281 -117.550755 
47.033010 -121.400244 
41.866516 -119.966994 
41.206933 -124.264539 
36.656433 -126.632268 
36.358016 -121.703211 
31.642740 -123.345936 
26.773226 -121.261329 
31.532570 -117.628812 
37.449178 -117.018468 
34.918621 -113.077692 
29.534661 -112.437801 
25.485195 -115.971093 
21.791147 -119.898198 
16.483827 -120.790782 
17.533316 -125.300889 
21.680498 -124.737291 
25.157080 -126.608895 
29.006803 -127.491777 
32.526016 -129.176397 
26.382362 -132.027462 
21.005587 -130.144392 
20.547184 -134.940708 
14.614769 -137.182311 
15.512894 -132.602967 
14.878219 -128.333646 
11.589884 -123.967746 
5.997559 -126.328419 
9.744776 -130.053105 
9.283499 -134.972460 
3.972347 -132.141681 
0.089573 -128.645874 
-5.049139 -128.042145 
-9.798903 -124.361118 
-13.902975 -121.821840 
-17.569241 -119.366352 
-21.831862 -117.240732 
-26.511213 -114.327486 
-31.704052 -110.648664 
-26.399127 -107.897265 
-21.408905 -110.475351 
-16.599266 -113.574699 
-11.950571 -111.284145 
-15.899447 -107.936073 
-18.550712 -104.413365 
-22.946016 -102.875157 
-27.375329 -101.389869 
-31.978998 -104.363532 
-37.032927 -107.070390 
-39.848489 -102.704049 
-44.681120 -102.268341 
-47.723728 -98.265384 
-47.208803 -93.231810 
-53.073679 -95.483115 
-52.025148 -89.195778 
-57.599271 -91.047096 
-61.890153 -88.034625 
-65.458224 -84.189987 
-62.081274 -78.951789 
-67.636716 -75.983418 
-70.333965 -80.654490 
-75.113906 -76.426623 
-79.720449 -71.320725 
-73.474289 -71.116542 
-68.488857 -70.346997 
-63.698378 -71.842428 
-59.289183 -72.144513 
-55.266062 -69.630372 
-54.517385 -65.162601 
-56.762458 -60.808167 
-60.232334 -65.041326 
-64.848936 -65.522898 
-70.388092 -65.417940 
-76.858903 -64.774962 
-84.031928 -65.976687 
-88.869349 -62.084421 
-92.107868 -57.445983 
-91.691617 -51.151590 
-97.714563 -52.003161 
-101.836358 -44.999199 
-93.672282 -45.191034 
-87.357146 -41.016528 
-84.412733 -46.666179 
-79.474243 -41.247612 
-83.184577 -36.138627 
-73.706125 -35.031276 
-73.437406 -41.702724 
-67.613245 -41.375061 
-62.871624 -45.234252 
-56.443923 -45.204264 
-50.328530 -46.593414 
-47.356335 -42.415380 
-53.725119 -39.924171 
-60.285503 -38.644830 
-65.796877 -34.192494 
-58.209996 -30.970548 
-52.580309 -32.880960 
-47.843957 -36.147447 
-42.516519 -37.886751 
-37.649879 -35.498736 
-31.796978 -34.540884 
-26.126576 -36.033669 
-20.080638 -35.303373 
-17.784791 -40.325922 
-22.596825 -41.393142 
-24.580843 -46.261782 
-26.060474 -51.366798 
-29.952349 -53.338068 
-33.608556 -57.367485 
-35.551859 -52.803576 
-35.448395 -48.008583 
-30.357104 -46.025406 
-29.102603 -40.639032 
-35.229492 -41.087970 
-39.971592 -43.882146 
-43.688153 -47.512458 
-41.399012 -52.262028 
-39.620964 -56.975436 
-44.002856 -59.684499 
-47.099591 -56.247786 
-47.741930 -51.669765 
-53.572318 -51.003855 
-59.402227 -50.623272 
-65.145437 -51.605820 
-70.773208 -54.514656 
-70.081053 -48.192480 
-76.153815 -47.753244 
-79.552799 -52.186176 
-85.996307 -53.400690 
-82.841134 -59.184405 
-76.820104 -57.684564 
-71.571222 -60.286464 
-65.686228 -60.105213 
-62.703016 -56.694519 
-58.577389 -56.284389 
-53.554116 -55.896309 
-50.989071 -60.337620 
-47.819528 -63.575001 
-50.060290 -68.270328 
-44.718482 -68.649147 
-42.893013 -73.832661 
-39.710537 -77.881923 
-44.447368 -80.389449 
-49.270419 -78.149610 
-47.864075 -73.383282 
-53.096671 -73.852065 
-56.140716 -77.967477 
-57.636154 -83.916567 
-51.865641 -83.148345 
-46.900806 -85.094037 
-44.850207 -88.976160 
-41.048863 -92.187963 
-40.966954 -96.869178 
-35.824410 -98.954226 
-33.692381 -93.645909 
-31.185295 -98.408268 
-27.244083 -95.135607 
-28.460743 -90.841149 
-27.850497 -86.518026 
-33.107522 -87.742242 
